
[[ 1.  0.]
 [ 0.  1.]]
[[  1.04496647e+00  -2.36719688e-04]
 [  4.91977951e-05   9.68913278e-01]]
[[ 2.46622945  0.        ]
 [ 0.          0.984996  ]]
[[  1.12406540e+00  -1.04150561e-05]
 [ -2.44518348e-06   9.23354918e-01]]
[[  1.35830059e+00  -4.67500940e-04]
 [  5.18262708e-05   9.78611320e-01]]
[[  9.20460687e-01  -1.46965047e-06]
 [  5.12966510e-07   1.01670946e+00]]
[[  5.06283500e-01   2.80601281e-05]
 [  1.29562871e-05   1.03786399e+00]]
[[  5.88622703e-01   1.24989317e-05]
 [ -4.91310889e-06   8.98197115e-01]]
[[  1.20494967e+00   1.43092211e-05]
 [  4.53587111e-06   9.88480632e-01]]
[[  9.65107678e-01  -1.10168542e-05]
 [  1.95967063e-05   1.96499622e+00]]
[[  8.11268783e-01  -3.15269285e-06]
 [  7.95102563e-07   1.01419669e+00]]
[[  1.14436235e+00   5.98880762e-05]
 [ -2.45609855e-06   9.97493893e-01]]
[[  1.01040616e+00  -3.56226418e-06]
 [ -1.54858755e-05   9.34059667e-01]]
[[  6.57901272e-01  -4.53595962e-04]
 [  6.10172936e-05   9.66850066e-01]]
[[  1.39322887e+00  -7.56611859e-06]
 [ -8.32810071e-07   9.90125313e-01]]
[[  9.46445564e-01   1.58304981e-05]
 [  1.32629066e-06   9.98969452e-01]]
[[  1.26811356e+00   3.16935949e-05]
 [ -1.02144765e-05   1.04107850e+00]]
[[  1.04709410e+00  -1.02018451e-05]
 [ -7.12562559e-06   1.03077727e+00]]
[[  1.00717580e+00  -6.77438389e-05]
 [ -2.59733061e-04   6.81230125e-01]]
[[  1.02707775e+00   2.57843623e-07]
 [  9.31609415e-07   1.26222955e+00]]
[[  1.31383876e+00   9.44893100e-05]
 [ -1.40012571e-04   9.27644727e-01]]
[[  1.02433120e+00   3.78510378e-03]
 [ -5.65647460e-03   8.61477447e+00]]
[[  9.88636870e-01   1.55464763e-05]
 [  7.02044770e-05   9.77315793e-01]]
[[-0.86448145  0.32090823]
 [ 0.01946804  1.01406204]]
[[  1.01093345e+00   9.97504593e-08]
 [ -8.11349593e-07   1.02889449e+00]]
[[  7.53975738e-01   4.11504321e-04]
 [ -1.98480822e-04   9.81555921e-01]]
[[  9.23752385e-01  -5.86400872e-06]
 [  8.36209362e-07   9.93401775e-01]]
[[  1.03614145e+00   4.99397084e-06]
 [  1.66361324e-06   1.00234093e+00]]
[[  1.06030130e+00  -1.11482439e-05]
 [ -2.27882738e-06   1.02140032e+00]]
[[  9.92859245e-01   3.65026140e-07]
 [ -6.01513987e-07   1.00976285e+00]]
[[  1.01705585e+00  -1.02906703e-05]
 [ -9.73794909e-05   9.75067934e-01]]
[[  1.46739993e+00   1.47584552e-05]
 [ -5.88705126e-06   1.37160987e+00]]
[[  9.00427668e-01   3.66171000e-07]
 [ -2.51386510e-08   9.90636001e-01]]
[[  6.60030595e-01  -6.71249849e-04]
 [ -2.53330055e-04   8.46444746e-01]]
[[  1.03835982e+00  -2.98902203e-05]
 [ -7.81991042e-05   1.57859388e+00]]
[[  9.67884749e-01  -1.41272234e-05]
 [  1.34900203e-05   9.77425349e-01]]
[[  2.60542395e+00  -2.30391557e-03]
 [ -4.16580632e-04   9.79676491e-01]]
[[  8.43100888e-01  -5.70567485e-06]
 [ -8.92550826e-07   9.77041655e-01]]
[[ 1.32994168  0.00779218]
 [-0.00289294  1.19951028]]
[[  9.97181893e-01   5.10207132e-08]
 [  4.23437245e-07   1.01895727e+00]]
[[  8.47746149e+00   1.58192319e-03]
 [ -2.42671689e-04   9.82779629e-01]]
[[  1.01805522e+00  -4.02717135e-06]
 [  5.95890485e-07   1.05761610e+00]]
[[ 0.95690227  0.00874388]
 [-0.00226482  1.06454997]]
[[  9.16269556e-01  -1.40056967e-06]
 [  6.68982099e-07   9.81678056e-01]]
[[  9.77602923e-01   8.79990680e-06]
 [  5.82570683e-07   1.03127725e+00]]
[[  1.02306940e+00  -1.36091474e-05]
 [ -3.07645683e-05   9.21837774e-01]]
[[  9.91605697e-01  -8.96539602e-06]
 [ -1.18852824e-05   5.35141763e-01]]
[[  1.00645013e+00  -1.73542535e-06]
 [  6.65503249e-06   9.36956384e-01]]
[[  9.48822449e-01   1.50955099e-05]
 [ -5.45032958e-07   1.00126575e+00]]
[[  1.05258453e+00   1.70350450e-06]
 [  2.68311998e-06   1.35893645e+00]]
[[  1.10798092e+00  -1.13738553e-04]
 [  4.08740561e-05   1.16932382e+00]]
[[  2.03461122e+00   2.90389754e-06]
 [ -1.03519851e-06   9.38749746e-01]]
[[  1.23209587e+00   6.22750395e-05]
 [ -7.21198924e-07   1.00226327e+00]]
[[  1.06342956e+00  -3.84362361e-05]
 [ -4.66404298e-05   8.54725057e-01]]
[[  8.89850302e-01  -2.80798703e-04]
 [  1.42793772e-04   4.55042237e-01]]
[[  1.38878936e+00  -1.02179323e-04]
 [ -1.36230286e-05   1.02738021e+00]]
[[  3.48434014e+00  -8.20094473e-04]
 [ -6.00064631e-05   1.00656536e+00]]
[[  6.38433792e-01   8.71741334e-05]
 [ -1.78424212e-05   9.86664562e-01]]
[[  1.17630211e+00  -5.02736135e-04]
 [ -6.57006088e-05   9.87618573e-01]]
[[  1.00099577e+00   4.96787591e-07]
 [  2.90298951e-06   9.85493454e-01]]
[[  1.18013057e+00  -3.64494437e-05]
 [  1.58641411e-05   9.59596263e-01]]
[[  1.46570057e+00  -1.67055358e-05]
 [ -2.23582847e-06   9.33603381e-01]]
[[  9.68089171e-01   3.17841635e-06]
 [  3.77488076e-06   9.45371835e-01]]
[[  1.07627208e+00  -1.22341630e-04]
 [ -4.88515580e-05   9.75753432e-01]]
[[  1.01664352e+00   8.84436712e-08]
 [ -1.88473820e-08   9.94552231e-01]]
[[  8.66211992e-01  -2.77425650e-05]
 [ -6.27058186e-05   1.04807837e+00]]
[[  2.76353809e-01   2.11459400e-05]
 [  3.77854283e-06   1.02091745e+00]]
[[  9.29462120e-01   6.91657254e-06]
 [ -2.09312696e-06   9.69764241e-01]]
[[  1.04019743e+00  -3.55808023e-04]
 [ -4.14069484e-05   1.00474737e+00]]
[[  7.12287308e-01   2.88756253e-05]
 [  4.20691677e-06   9.93013644e-01]]
[[  1.01932327e+00  -5.97754645e-06]
 [ -5.18786886e-06   6.56606539e-01]]
[[  1.29786404e+01   5.29255835e-02]
 [ -1.23621739e-03   1.00711570e+00]]
[[  9.81266735e-01  -1.16804283e-05]
 [ -1.16826648e-05   9.75438372e-01]]
[[  9.51721704e-01   5.96704519e-04]
 [ -2.44723559e-04   1.03817103e+00]]
[[  1.00979875e+00   4.63654488e-06]
 [ -8.96574825e-06   1.13154675e+00]]
[[  9.41689560e-01   3.61516112e-05]
 [ -2.39505298e-05   8.74251362e-01]]
[[  9.62068506e-01  -1.12307342e-06]
 [  6.95983842e-07   1.01115661e+00]]
[[  1.01948318e+00  -3.09344793e-06]
 [ -7.29823518e-07   9.98122453e-01]]
[[  9.86425644e-01   3.21945970e-06]
 [ -7.33086704e-06   9.75318595e-01]]
[[  1.15522278e+00   4.90774420e-06]
 [ -2.36652198e-06   9.53819090e-01]]
[[  9.01538592e-01  -1.03559496e-07]
 [ -2.86186716e-08   1.01305819e+00]]
[[  1.05918161e+00   1.46399492e-05]
 [  1.77455876e-05   1.02867268e+00]]
[[  1.04609721e+00  -9.52806900e-06]
 [ -8.10536752e-07   9.91343822e-01]]
[[  9.83113692e-01   2.73531070e-06]
 [ -5.32815014e-06   1.04598990e+00]]
[[  1.13945804e+00   1.02638993e-04]
 [ -2.86054110e-05   7.34518210e-01]]
[[  1.01987121e+00  -1.67648223e-06]
 [  6.31527464e-07   1.02419415e+00]]
[[  1.05331928e+00  -2.23255000e-05]
 [ -2.21573225e-05   9.31137992e-01]]
[[  9.82202413e-01   5.14339459e-07]
 [  9.88889455e-08   9.06165572e-01]]
[[  8.51694401e-01  -4.03933454e-05]
 [  4.70475065e-06   9.81443788e-01]]
[[  1.05876928e+00  -1.21236274e-06]
 [ -1.91455967e-06   9.50602236e-01]]
[[  8.72194189e-01   3.24715137e-05]
 [ -1.03289664e-05   9.46469244e-01]]
[[  1.02377321e+00   4.02191739e-06]
 [ -5.49730682e-06   9.54431352e-01]]
[[  7.76836218e-01   1.76460909e-04]
 [ -1.31759604e-04   2.08945239e+00]]
[[  1.19930823e+00   7.05883947e-07]
 [  2.69735838e-07   9.16682005e-01]]
[[  1.44553324e+00   3.67303407e-04]
 [ -5.53384834e-05   1.00832067e+00]]
[[  9.89468543e-01   3.37724926e-07]
 [ -4.18378878e-08   9.99256107e-01]]
[[  9.65666917e-01  -1.27734834e-05]
 [  1.41123119e-05   1.01528313e+00]]
[[  9.53615273e-01  -4.15232609e-06]
 [  1.41596935e-06   8.54700640e-01]]
[[  1.08268611e+00  -1.72593509e-05]
 [  1.55365814e-06   9.81593571e-01]]
[[  1.11336510e+00  -5.38791835e-06]
 [ -1.94802928e-06   1.01267512e+00]]
[[  1.07346724e+00  -7.22400017e-07]
 [ -1.24784205e-07   1.00755476e+00]]
[[  1.19266349e+00   4.35061467e-05]
 [ -1.73534907e-05   1.02517475e+00]]
[[  8.19198903e-01   1.22711991e-05]
 [  1.24483862e-07   1.00178124e+00]]
[[  9.69588166e-01  -9.28979345e-06]
 [ -4.70198951e-06   9.76737900e-01]]
[[  8.48324191e-01  -9.80589338e-05]
 [  1.06370849e-04   1.07827879e+00]]
[[  1.22263601e+00  -3.68033111e-05]
 [ -2.76257035e-04   1.08023836e+00]]
[[  1.08717454e+00   1.42798790e-05]
 [ -1.04702694e-05   9.82489622e-01]]
[[  9.09730881e-01   6.49832409e-07]
 [ -1.72222776e-07   1.00705030e+00]]
[[  8.52965180e-01  -4.19354867e-06]
 [ -5.40088443e-07   9.52783933e-01]]
[[  9.73957686e-01   9.65840442e-06]
 [  1.25168110e-05   1.05254646e+00]]
[[  1.03307722e+00   1.12106924e-06]
 [ -9.02168429e-07   1.02981411e+00]]
[[  8.31598959e-01   3.68606480e-04]
 [ -1.78209830e-04   1.17264942e+00]]
[[  1.49942220e+00  -5.11307151e-05]
 [  4.10377608e-05   9.69915724e-01]]
[[  9.86507206e-01  -4.13624885e-06]
 [ -4.98428851e-06   1.05667927e+00]]
[[  1.08830472e+00   1.98663505e-04]
 [ -9.27456351e-05   1.00855244e+00]]
[[  3.69565475e-01  -2.91070081e-05]
 [  8.93725130e-06   1.04210363e+00]]
[[  7.47771219e-01  -6.62002663e-06]
 [ -1.03391864e-08   1.00025217e+00]]
[[  1.06824564e+00  -8.56357053e-05]
 [ -1.27729070e-04   7.72106867e-01]]
[[  9.14210194e-01   2.52967983e-05]
 [ -4.77050409e-07   1.00418706e+00]]
[[  8.81015478e-01  -1.96965586e-05]
 [ -5.68130847e-06   9.20449785e-01]]
[[  1.00272035e+00   4.41749464e-07]
 [  8.31005351e-07   1.00957388e+00]]
[[  6.94637163e-01  -1.48430130e-05]
 [ -2.92797307e-06   9.63003304e-01]]
[[  9.64258325e-01  -5.71371635e-07]
 [ -4.34507057e-07   1.01329995e+00]]
[[  4.64052262e+00   1.50153674e-02]
 [ -2.62904676e-03   1.25282432e+00]]
[[  6.71646590e-01  -4.11576119e-06]
 [  3.92769734e-07   1.02668407e+00]]
[[  7.57920239e-01   3.46249146e-04]
 [ -1.01801186e-04   9.97103354e-01]]
[[  8.77711413e-01  -4.48529373e-04]
 [ -1.44640953e-04  -1.37224801e+00]]
[[  8.23775188e-01   9.53864243e-05]
 [  8.85911283e-05   1.03650376e+00]]
[[  1.01516187e+00  -3.71105048e-04]
 [ -2.43964993e-03   9.39930619e-01]]
[[  1.05867235e+00   1.91366961e-06]
 [  3.09830469e-06   6.83396839e-01]]
[[ -4.74268352e+00   8.60796722e-04]
 [  1.54451846e-03   9.00529906e-01]]
[[  8.99956368e-01   1.57844244e-05]
 [  4.59639682e-06   1.06448376e+00]]
[[  9.64267073e-01  -1.44675435e-04]
 [  6.91357364e-05   9.72485290e-01]]
[[  1.09108661e+00   9.03848821e-05]
 [  4.27963985e-05   9.62814875e-01]]
[[  7.92439894e-01   4.34952399e-06]
 [ -7.09144693e-07   1.09443669e+00]]
[[  5.60851628e-01  -3.05910095e-05]
 [  2.07940878e-06   1.01172495e+00]]
[[  2.32381811e+00  -3.59538073e-04]
 [  3.80819190e-05   9.61124178e-01]]
[[  9.46726860e-01   3.18852745e-05]
 [ -3.82510493e-06   1.01046464e+00]]
[[  2.03015789e+00  -4.12874666e-03]
 [  9.27636972e-04   9.19951650e-01]]
[[  9.52423052e-01   3.14727011e-06]
 [ -1.94413470e-06   1.17937714e+00]]
[[  1.04273075e+00  -1.66885500e-04]
 [  4.15863549e-04   8.84140636e-01]]
[[  9.09651028e-01  -1.29204901e-06]
 [  1.83918951e-07   9.88990905e-01]]
[[  1.01607162e+00   5.42732625e-05]
 [ -9.45079215e-05   1.22359660e+00]]
[[  9.77584275e-01  -1.89043814e-06]
 [ -1.76678931e-06   1.03162481e+00]]
[[  9.57306513e-01  -1.34851508e-06]
 [  1.35909999e-06   9.81091344e-01]]
[[  4.05015893e-01   4.46915517e-05]
 [ -1.03164761e-05   9.89089304e-01]]
[[  9.98233010e-01   1.31904667e-07]
 [ -1.74772213e-06   9.62136530e-01]]
[[  9.99353700e-01   8.88103678e-07]
 [ -1.79205029e-04   1.05553250e+00]]
[[  2.22662888e+00  -1.30548994e-04]
 [  1.43716300e-05   9.83371563e-01]]
[[  1.02265422e+00   3.19310895e-06]
 [ -2.28725291e-05   9.28330610e-01]]
[[  1.03640576e+00   7.68519675e-05]
 [  9.36645621e-05   1.06329186e+00]]
[[  9.49684533e-01  -5.47045257e-06]
 [  2.56972042e-06   9.38536376e-01]]
[[  8.46862642e-01  -3.79038373e-06]
 [ -2.05332848e-06   9.57138960e-01]]
[[  8.51775604e-01  -1.44501162e-05]
 [ -2.13897915e-06   1.01268428e+00]]
[[  9.79806850e-01   2.38131355e-05]
 [  3.84349220e-05   6.44167824e-01]]
[[  7.86540523e-01  -2.22329744e-04]
 [  4.00842545e-04   1.36185963e+00]]
[[  9.16280460e-01   2.37434256e-06]
 [  1.85757331e-06   9.54961623e-01]]
[[  1.08570730e+00   5.72699619e-05]
 [ -8.39263980e-05   1.06192921e+00]]
[[  9.93095349e-01  -6.93090619e-08]
 [  2.22364631e-06   9.58775690e-01]]
[[  1.01544870e+00  -2.29493226e-05]
 [ -2.31301479e-05   1.14705459e+00]]
[[  9.55272597e-01   1.80047851e-05]
 [ -1.06004401e-05   6.90586681e-01]]
[[  1.00971434e+00   1.94694007e-07]
 [ -7.08656442e-08   9.93270748e-01]]
[[  8.89308975e-01  -9.49995168e-08]
 [  6.14553865e-08   9.72039958e-01]]
[[  1.11521852e+00  -7.82124584e-07]
 [ -1.32922501e-07   9.91349373e-01]]
[[  1.17755656e+00   4.48123539e-06]
 [ -6.76977618e-07   9.50955866e-01]]
[[  9.65007452e-01  -1.18488707e-04]
 [  1.92984568e-04   6.55339837e-01]]
[[  1.03292551e+00   9.72394400e-04]
 [ -4.82100198e-04   2.38253445e+00]]
[[  1.01428306e+00   8.34986568e-06]
 [ -1.58970097e-05   2.08890760e+00]]
[[  1.27932596e+00   4.83570402e-04]
 [ -1.92739847e-05   1.01653068e+00]]
[[  1.10002680e+00   4.83668350e-04]
 [ -1.52492787e-04   9.67365550e-01]]
[[  8.74957520e-01   9.60557895e-04]
 [  7.92629403e-04   1.87893087e+00]]
[[  9.67015598e-01   2.34594124e-06]
 [ -2.53506426e-06   7.08210937e-01]]
[[  9.70791950e-01  -5.00030934e-05]
 [ -1.10185964e-05   1.01369716e+00]]
[[  4.68535199e-01   1.88531752e-04]
 [  2.85379122e-06   9.98080759e-01]]
[[  1.40826029e+00  -1.19806083e-04]
 [  1.95855720e-04   1.78797903e+00]]
[[  1.07751805e+00   8.55550445e-06]
 [  2.55028550e-06   9.87195851e-01]]
[[ 0.62114978  0.00687986]
 [-0.00436004  0.63011328]]
[[  1.01561416e+00  -4.16320527e-07]
 [ -1.06307365e-06   1.20402348e+00]]
[[  9.16467910e-01   1.28647110e-04]
 [ -7.73587914e-05   1.05563677e+00]]
[[  1.09441633e+00   6.62965987e-05]
 [  5.90378135e-05   1.04862017e+00]]
[[  9.17762635e-01   6.69278055e-07]
 [ -7.94867730e-08   1.00977258e+00]]
[[ 0.77689733  0.00093794]
 [-0.0017518   0.68142155]]
[[  1.02174225e+00   2.72846447e-06]
 [ -6.36497102e-06   1.39629421e+00]]
[[  1.00283926e+00  -6.09928471e-06]
 [  3.44411913e-05   1.11290620e+00]]
[[  1.02921464e+00  -1.85361818e-06]
 [ -1.90633357e-06   9.84228441e-01]]
[[  6.63520958e-01  -2.10915667e-05]
 [  1.05499137e-06   9.94995260e-01]]
[[  1.17458138e+00   4.00977128e-04]
 [ -2.02980870e-04   2.03592708e+00]]
[[  1.10522687e+00   4.61513964e-06]
 [  5.93824322e-06   1.01039073e+00]]
[[ 3.11248568  0.0251846 ]
 [ 0.00889916  1.04599871]]
[[  1.07151371e+00  -1.53121360e-05]
 [  3.21850795e-06   1.17508545e+00]]
[[  9.54841108e-01  -2.69380689e-04]
 [ -6.38109183e-05   1.01574908e+00]]
[[  5.76798895e+01  -2.74193191e-02]
 [  9.88376229e-03   1.07972301e+00]]
[[  9.65306135e-01  -5.08802223e-06]
 [ -5.10254537e-06   1.14231585e+00]]
[[  9.59178773e-01   8.02156140e-04]
 [  2.19925793e-05   1.00213560e+00]]
[[  1.54426256e+00  -1.23495924e-04]
 [  9.07001760e-05   1.03113828e+00]]
[[  1.01279052e+00  -3.43722764e-07]
 [ -2.96012994e-07   1.01488913e+00]]
[[  1.04223199e+00  -1.89085385e-04]
 [  1.83530911e-04   1.03857802e+00]]
[[  9.40687585e-01   8.36119735e-07]
 [ -2.83042351e-07   8.95095221e-01]]
[[  8.19648092e-02  -2.48340574e-04]
 [ -6.43962086e-05   1.02209661e+00]]
[[  1.09748889e+00   1.86854304e-05]
 [ -1.68365752e-06   1.00681102e+00]]
[[  9.33303116e-01   1.39901192e-04]
 [  7.07394809e-05   9.69866751e-01]]
[[  8.75493383e-01  -2.77254240e-05]
 [ -5.10486701e-06   9.85963813e-01]]
[[  7.70911423e-01  -1.03068653e-05]
 [  1.65010421e-06   9.53761252e-01]]
[[  8.82105587e-01  -8.60412420e-05]
 [ -3.21421116e-05   1.16130285e+00]]
[[  1.04467244e+00  -2.55611233e-06]
 [ -1.11330805e-05   1.02113062e+00]]
[[  5.82592451e-01  -3.95601651e-05]
 [ -2.99523821e-06   1.00618928e+00]]
[[  1.01242901e+00  -8.21891282e-07]
 [ -2.94450136e-06   1.02415848e+00]]
[[  9.41437254e-01   3.59043789e-05]
 [  1.47642498e-05   1.03275244e+00]]
[[  8.58111699e-01   1.12587364e-07]
 [ -8.84411185e-08   9.78759350e-01]]
[[  1.02525574e+00   4.27639949e-06]
 [ -1.65981731e-06   9.80612117e-01]]
[[  9.66048487e-01   5.05554925e-05]
 [ -3.42577609e-05   9.40418821e-01]]
[[  6.84466307e-01   7.78583533e-05]
 [ -1.56554486e-05   9.29555308e-01]]
[[  7.88863941e-01   3.91123340e-04]
 [  1.28711932e-04   1.84274128e-01]]
[[  1.07841534e+00  -4.63430402e-06]
 [  4.86516054e-06   9.00608541e-01]]
[[  1.01313009e+00   1.95339763e-05]
 [ -2.23983461e-05   1.01846172e+00]]
[[  4.27234477e-01   3.97639823e-04]
 [ -1.62438759e-04   9.75114022e-01]]
[[  8.21209833e-01   6.89397938e-06]
 [  4.35068126e-07   1.01140566e+00]]
[[  1.64561764e+00  -4.68516374e-04]
 [  1.32296716e-04   9.85379346e-01]]
[[  9.66550414e-01   5.42815688e-05]
 [ -1.18687277e-06   9.72649100e-01]]
[[  1.00734532e+00   1.12889422e-05]
 [  3.48641753e-05   1.67037971e-01]]
[[  1.09958132e+00  -1.93474696e-05]
 [  9.23558367e-06   1.04763875e+00]]
[[  7.66233551e-01  -8.63682605e-05]
 [ -6.67646224e-06   9.93020799e-01]]
[[  1.47054579e+00   2.21468765e-04]
 [ -1.21577718e-04   1.04803667e+00]]
[[  9.99381886e-01  -9.39878270e-08]
 [  3.57875723e-06   1.04762783e+00]]
[[  2.75629916e-03  -3.46043893e-04]
 [ -6.56532550e-05   9.54685014e-01]]
[[  1.02302848e+00  -4.40816076e-06]
 [ -8.03103101e-06   7.06496531e-01]]
[[  9.68108230e-01  -1.16255337e-04]
 [  1.85750723e-05   1.00677580e+00]]
[[  1.42090797e+00   7.96216279e-04]
 [ -1.70198378e-04   1.07590619e+00]]
[[  1.06803733e+00  -8.61561251e-07]
 [ -3.74202974e-07   9.87287320e-01]]
[[  1.10374473e+00   1.71991965e-04]
 [  4.51115141e-05   1.14657693e+00]]
[[  1.01859619e+00   1.09701874e-06]
 [ -1.78831835e-06   1.03522179e+00]]
[[  6.81091589e-01   1.63211106e-04]
 [  4.41433713e-05   1.34692044e+00]]
[[  7.74320868e-01  -8.69581668e-07]
 [ -1.43520125e-07   1.19465930e+00]]
[[  1.01554610e+00   1.57864370e-05]
 [  1.29268435e-05   9.80221665e-01]]
[[  1.03384780e+00  -8.71959904e-06]
 [  2.78657603e-06   9.88330834e-01]]
[[  1.16468858e+00  -2.98530786e-06]
 [  7.68060177e-07   5.99696762e-01]]
[[  8.87822481e-01  -5.11332855e-06]
 [  6.27069380e-07   9.84391063e-01]]
[[  1.24681831e+00  -4.67202731e-04]
 [ -1.32013663e-04   1.08277042e+00]]
[[  8.67823354e-01  -5.20990012e-05]
 [  7.08244454e-06   8.57057196e-01]]
[[  1.79369707e+00   2.57637963e-04]
 [ -9.40277308e-03   8.69653881e-01]]
[[  1.06398698e+00   7.18449511e-06]
 [ -2.60964473e-06   1.03893471e+00]]
[[  9.71071621e-01  -1.11430730e-04]
 [ -7.74349137e-05   9.64203651e-01]]
[[  9.97432007e-01  -2.96364422e-07]
 [  1.25158696e-06   9.88562919e-01]]
[[  7.31500912e-01   6.33658573e-07]
 [  3.79799444e-07   9.48749127e-01]]
[[  9.60270889e-01   2.92462104e-05]
 [  2.47978803e-05   2.40565090e+00]]
[[  1.03531453e+00  -3.54382810e-04]
 [  3.77407089e-05   9.74987677e-01]]
[[  1.05238746e+00  -1.15291091e-04]
 [  9.03324908e-05   1.12253619e+00]]
[[  1.04730573e+00   2.42930594e-05]
 [ -9.54374237e-06   1.02576630e+00]]
[[  1.05303929e+00   2.24420997e-05]
 [ -5.24315078e-06   8.96015690e-01]]
[[  8.62498597e-01   1.32707723e-05]
 [ -1.26406924e-05   1.07145014e+00]]
[[  9.58776435e-01  -3.41707426e-05]
 [ -1.90452873e-05   2.27291745e+00]]
[[  1.01618304e+00   2.78211680e-06]
 [  9.86325602e-06   8.92765695e-01]]
[[  9.83354689e-01   5.76074149e-05]
 [  2.25552150e-05   1.00276152e+00]]
[[  1.09593250e+00  -1.40003233e-05]
 [  1.71605126e-05   1.05695846e+00]]
[[ -5.13621319e-01  -2.30014618e-06]
 [  8.68341009e-07   9.80223311e-01]]
[[  1.04651869e+00   8.25882740e-07]
 [ -4.64410735e-07   1.01240546e+00]]
[[  9.67795462e-01  -6.02663746e-04]
 [  2.10088384e-04   8.97133218e-01]]
[[  9.27310976e-01  -2.93274457e-05]
 [  1.39725641e-05   1.18809452e+00]]
[[  9.22733681e-01   1.60837194e-06]
 [  5.68986015e-07   1.00762760e+00]]
[[  9.05231007e-01  -2.94606833e-05]
 [ -9.44905269e-07   9.99243386e-01]]
[[  9.11275844e-01   4.24167942e-06]
 [  4.47030856e-06   1.14767874e+00]]
[[  9.58681811e-01   1.00394069e-06]
 [ -2.41673199e-07   9.89099954e-01]]
[[  9.73713010e-01   1.34486916e-06]
 [  8.36553964e-07   9.89821897e-01]]
[[  7.39993950e-01   1.22645815e-05]
 [  2.26941210e-06   1.00446949e+00]]
[[  9.14145437e-01   2.22903485e-05]
 [ -2.36958404e-06   1.11454375e+00]]
[[  6.73424158e-01   1.34800003e-03]
 [ -6.65887660e-05   9.66712913e-01]]
[[  1.05752187e+00  -5.67792200e-06]
 [ -2.66787493e-06   9.71590343e-01]]
[[  9.83930746e-01   1.76441489e-05]
 [ -4.79560716e-05   1.13673395e+00]]
[[  1.21940060e+00   2.74555492e-06]
 [ -5.84547539e-07   9.81889649e-01]]
[[ -3.96429003e+00  -1.69390061e-03]
 [ -1.51515483e-03   9.01493225e-01]]
[[  1.02490054e+00  -5.55799353e-07]
 [ -1.99649186e-07   1.05370226e+00]]
[[ -8.23408372e-01   5.96949558e-03]
 [  1.75527642e-04   1.00512927e+00]]
[[  1.13434753e+00   3.17400656e-05]
 [ -3.89209670e-06   1.08801369e+00]]
[[  9.96564727e-01   2.28735299e-05]
 [  8.21007257e-05   9.66919677e-01]]
[[  1.02805564e+00   2.33419368e-05]
 [  6.49918889e-05   9.58906457e-01]]
[[  8.22017446e-01  -1.32482260e-06]
 [  6.45759945e-06   7.77861818e-01]]
[[  1.08379558e+00   2.56485712e-07]
 [ -1.80864742e-07   9.25074703e-01]]
[[  6.60583623e-01   8.21534026e-05]
 [ -3.89077831e-04   9.32811653e-01]]
[[  7.81607978e-01   2.36711251e-05]
 [ -6.94273271e-05   9.65726669e-01]]
[[  1.14881335e+00  -5.76518981e-05]
 [  5.16364357e-05   1.16943118e+00]]
[[  1.02961210e+00   2.77874763e-06]
 [  1.01636533e-06   9.57190073e-01]]
[[  9.66730520e-01   3.69699019e-06]
 [ -6.52564018e-06   9.26786148e-01]]
[[  8.99879648e-01  -2.35059635e-05]
 [ -5.18999928e-05   1.01371309e+00]]
[[  1.18499210e+00  -9.49990191e-06]
 [ -4.53280111e-07   1.00620666e+00]]
[[  9.75074060e-01   4.29868162e-06]
 [  4.80161755e-06   9.39232844e-01]]
[[  1.19584501e+00   1.01931345e-04]
 [ -1.22401481e-06   1.00097024e+00]]
[[  5.53911783e-01   2.11140744e-05]
 [ -3.46388764e-06   9.88061235e-01]]
[[  8.25167099e-01  -2.51341829e-05]
 [  6.14857215e-06   1.05803644e+00]]
[[  8.74912526e-01   2.40447978e-04]
 [ -1.63481302e-04   9.16235750e-01]]
[[  4.42529369e-01   1.36156757e-04]
 [  1.71562184e-04   1.02040013e+00]]
[[  1.04206372e+00   5.18529098e-05]
 [ -4.67558016e-07   9.98443453e-01]]
[[  9.98506700e-01  -3.72376551e-06]
 [ -7.09976822e-05   9.59037340e-01]]
[[ -6.79932805e-01   1.67756466e-04]
 [ -5.40423969e-06   1.00813629e+00]]
[[  1.04132373e+00  -1.48790847e-06]
 [ -1.19742323e-07   1.00750466e+00]]
[[  1.06270044e+00  -1.87008576e-03]
 [ -9.24360205e-04   1.29139813e+00]]
[[ -1.10723184e+00  -4.13486742e-03]
 [ -2.36437854e-04   9.20820002e-01]]
[[  8.17905662e-01  -3.58703101e-05]
 [  7.49693228e-06   9.83578630e-01]]
[[  1.92907505e+00   1.84345655e-03]
 [  1.23544776e-03   1.06325329e+00]]
[[  1.12022505e+00  -8.02550811e-05]
 [ -5.38478703e-06   9.34413366e-01]]
[[-1.72132696 -0.15652665]
 [ 0.04871748  0.39781652]]
[[  9.24124622e-01   7.05096322e-06]
 [  1.58327790e-06   1.05186603e+00]]
[[ 0.94697202  0.11229322]
 [-0.06611871 -2.46739918]]
[[  9.82178097e-01   4.71582398e-05]
 [  9.63038683e-06   9.70091051e-01]]
[[  9.57923429e-01  -8.04787556e-05]
 [ -8.30188162e-05   1.09580341e+00]]
[[  1.19570194e+00  -4.41804927e-04]
 [  7.13458582e-05   3.86564030e+00]]
[[  8.18465292e-01   3.33670000e-05]
 [ -3.92235763e-05   1.13190157e+00]]
[[ 0.40484475  0.01772085]
 [-0.00145993  0.98367037]]
[[  3.79931505e-01  -1.54261108e-04]
 [  6.62155782e-04   1.04469440e+00]]
[[  1.05728380e+00  -4.24072396e-06]
 [  2.62192832e-06   1.12425746e+00]]
[[  1.11729083e+00   2.55849089e-04]
 [  6.27906025e-05   1.02695394e+00]]
[[  9.26492933e-01  -3.89574894e-05]
 [ -2.06077543e-05   9.64582472e-01]]
[[ -5.05251583e-01   7.41044953e-04]
 [ -1.79557873e-04   9.41058588e-01]]
[[  9.54702226e-01   4.23029399e-04]
 [ -2.78608508e-05   1.29773985e+00]]
[[ 0.17355606 -0.00480917]
 [-0.00776403  1.01134025]]
[[  9.48613863e-01   2.33859707e-04]
 [  6.78003009e-05   1.08999108e+00]]
[[  9.38598196e-01  -1.47639511e-04]
 [ -5.95079307e-06   9.98339634e-01]]
[[  8.65975151e-01  -2.78591142e-04]
 [  1.62646701e-05   1.03274847e+00]]
[[  1.02681105e+00   1.20100211e-05]
 [ -1.66994573e-06   1.01082852e+00]]
[[  1.42662192e+00  -2.93969244e-04]
 [ -1.55295329e-05   9.92673962e-01]]
[[  8.35403212e-01   1.39557996e-06]
 [  7.89142818e-08   9.97205985e-01]]
[[  8.97615063e-01   2.29474807e-05]
 [  3.76647858e-06   9.77782744e-01]]
[[  7.74594954e-01  -8.94233320e-04]
 [  3.00479562e-04   8.50668433e-01]]
[[  7.89631481e-01  -3.47735644e-04]
 [  2.88889050e-05   1.25529024e+00]]
[[  1.35032372e+00  -4.19471358e-04]
 [  7.54297140e-05   1.02918701e+00]]
[[  9.24008598e-01  -1.42057056e-04]
 [ -1.58626362e-04   8.99821078e-01]]
[[  1.23450949e+00   8.11097973e-04]
 [  1.74613966e-04   1.05710023e+00]]
[[  3.21070185e+00  -3.16671810e-03]
 [  1.45020524e-04   1.03509313e+00]]
[[  8.70931379e-01  -1.89569271e-03]
 [ -3.71927465e-04   8.53219403e-03]]
[[  9.96397451e-01  -4.60810855e-05]
 [ -1.49604479e-04   1.10343522e+00]]
[[  3.09412017e+00   3.34497539e-04]
 [  8.34367226e-05   1.14848589e+00]]
[[  9.10349210e-01   1.35168560e-04]
 [  3.15804504e-05   1.32578781e+00]]
[[  1.05766047e+00   4.69101091e-04]
 [ -1.31341930e-04   1.00573251e+00]]
[[  9.00701388e-01  -1.96311725e-04]
 [ -4.90130278e-05   9.85174849e-01]]
[[  7.75241315e-01   3.55890249e-05]
 [ -3.66914493e-06   1.01465443e+00]]
[[  9.89501238e-01  -5.71497606e-06]
 [ -4.77382414e-05   1.04529029e+00]]
[[  1.32338579   0.53545281]
 [  0.22205068  50.10060325]]
[[  8.24508515e-01   1.26624606e-05]
 [  2.53079714e-06   9.26605082e-01]]
[[ 0.8528174   0.04903123]
 [-0.00728474  1.02187014]]
[[  7.82282839e-01   7.80447399e-04]
 [  2.24205811e-04   9.91504333e-01]]
[[  8.94345048e-01  -3.26490885e-05]
 [ -1.91083121e-05   9.59328082e-01]]
[[  1.16568151e+00  -8.88271124e-04]
 [ -6.29550714e-05   9.79703018e-01]]
[[  2.08983969e-01   6.17995286e-04]
 [  1.64571386e-04   1.06885321e+00]]
[[  9.48390715e-01  -9.95390468e-06]
 [  7.08884980e-06   9.77694727e-01]]
[[  1.97463404e+00  -8.14730928e-03]
 [ -5.08598927e-04   1.02493024e+00]]
[[  9.13856738e-01   5.41066759e-05]
 [  3.60496537e-05   1.03846375e+00]]
[[  9.98899747e-01   1.61958846e-05]
 [  1.69115315e-04   1.02812948e+00]]
[[  1.25209676e+00   2.83453719e-04]
 [ -1.61230103e-06   9.98980707e-01]]
[[  4.35256018e-01   1.24872769e-04]
 [  2.79775669e-05   9.59789873e-01]]
[[  1.00692803e+00  -4.23428116e-06]
 [  5.91205183e-06   9.80285373e-01]]
[[  8.06033124e-01  -1.28688590e-03]
 [ -3.72197060e-04   9.59054227e-01]]
[[  7.91041040e+00  -9.72276633e-04]
 [  1.04079278e-04   1.02633091e+00]]
[[  6.73395356e-01  -1.15933809e-04]
 [ -7.05316532e-06   9.68823014e-01]]
[[  9.71273479e-01   4.57181957e-04]
 [  3.83614069e-04   9.80452546e-01]]
[[  4.11888349e-01  -1.04822156e-03]
 [  1.63909326e-04   1.02418390e+00]]
[[  3.33176008e-01  -4.71393427e-03]
 [ -4.05196626e-04   2.04910820e+00]]
[[  1.05026770e+00   6.74115764e-05]
 [ -5.71113195e-05   1.02495758e+00]]
[[  1.43032074e+00  -7.84972572e-03]
 [  1.27654359e-03   9.76971501e-01]]
[[  1.07454601e+00   2.98751788e-05]
 [ -8.21571436e-06   1.03262140e+00]]
[[  1.01556768e+00  -8.00283863e-05]
 [  5.51433312e-05   9.89957406e-01]]
[[  8.77033840e-01  -5.16078341e-04]
 [ -5.72797796e-05   1.05320640e+00]]
[[  9.81268023e-01   2.81280379e-05]
 [  2.48065957e-06   9.91459303e-01]]
[[-6.71592684 -0.79773965]
 [-0.24581783 -0.93358335]]
[[  1.10689906e+00   3.43187448e-06]
 [  1.80284839e-06   9.52802156e-01]]
[[  9.93317144e-01  -1.13313061e-04]
 [ -3.75754998e-04   9.85317321e-01]]
[[  8.80103291e-01   4.13279010e-04]
 [  1.35864793e-04   5.20633462e-01]]
[[  9.10935264e-01   1.51758740e-04]
 [ -6.53735793e-05   2.65733598e-01]]
[[ 2.26696901 -0.01037227]
 [-0.01204036  0.70392207]]
[[  1.38047923e+00   1.39956568e-03]
 [ -1.52901358e-04   9.24882811e-01]]
[[  3.35881517e+00  -1.89516970e-03]
 [  3.13313333e-03   8.84928460e-01]]
[[  9.87657107e-01  -1.74981139e-07]
 [ -2.68746897e-06   1.02144435e+00]]
[[ 1.07851034 -0.00138581]
 [ 0.00121092  0.78152687]]
[[  9.43646444e-01  -4.56085174e-07]
 [ -1.46848103e-07   1.01160737e+00]]
[[  9.59513295e-01  -5.03340323e-04]
 [  8.79746760e-04  -2.12258476e-01]]
[[  9.38532008e-01   6.85107223e-06]
 [  7.63256481e-06   1.01720443e+00]]
[[ 0.78562687  0.00288052]
 [ 0.00117064  0.72495602]]
[[  1.03578970e+00  -1.01752891e-06]
 [  1.54870075e-06   1.06548168e+00]]
[[  1.05274606e+00  -2.85668095e-06]
 [ -1.36759776e-06   1.06117913e+00]]
[[  8.65141878e-01   1.40106504e-05]
 [ -3.24008786e-06   1.01173316e+00]]
[[  8.68793033e-01  -1.89185550e-04]
 [  8.51877126e-06   1.02029401e+00]]
[[  9.55971551e-01  -3.25820026e-04]
 [ -8.55426694e-06   1.03232769e+00]]
[[  1.00787593e+00  -2.30801797e-05]
 [ -3.46512587e-06   1.01591287e+00]]
[[  1.06341663e+00  -3.10909208e-06]
 [  5.07967813e-07   1.00642031e+00]]
[[  1.12666533e+00  -4.07909018e-05]
 [ -4.11333467e-06   1.14151879e+00]]
[[  1.09977541e+00  -2.63676692e-05]
 [ -5.01683331e-06   9.83129521e-01]]
[[  1.09092230e+00  -2.57370419e-05]
 [ -6.33276435e-06   1.87375774e+00]]
[[  9.47538793e-01  -1.52358194e-03]
 [  5.29489163e-04  -1.53672308e+00]]
[[  1.20102256e+00   8.10569011e-04]
 [ -3.87052054e-04   6.82087691e-01]]
[[  9.86566282e-01   1.68574623e-05]
 [  2.15794915e-06   1.00257001e+00]]
[[  6.98567605e-01  -1.88059460e-03]
 [  2.18079082e-05   1.00247824e+00]]
[[  1.01132515e+00   1.47645048e-06]
 [ -2.28970076e-06  -2.39278595e+00]]
[[  9.95405108e-01   2.17795962e-05]
 [ -1.28949349e-04   1.34651461e+00]]
[[ 2.73740705  0.00786229]
 [-0.00617423  0.8975784 ]]
[[  9.49022646e-01   2.53889404e-05]
 [  1.89766732e-05   9.87340915e-01]]
[[  9.72056077e-01  -2.06221602e-04]
 [ -1.06555889e-05   9.89962259e-01]]
[[  6.81000865e-01   2.58527227e-05]
 [  4.99846453e-06   9.50708201e-01]]
[[  1.00825749e+00  -5.52521148e-07]
 [  2.99628097e-07   9.95453675e-01]]
[[  8.10767708e-01  -1.63175011e-04]
 [  4.36426155e-06   9.95116495e-01]]
[[  1.17686073e+00  -3.00782471e-05]
 [ -4.62202705e-05   1.40685142e+00]]
[[  1.14024087e+00  -3.26367902e-06]
 [  2.07245273e-06   1.03795536e+00]]
[[  4.98160114e+00   2.63280617e-03]
 [  1.53940257e-03   1.38427358e+00]]
[[  1.62493148e+00  -4.09584778e-05]
 [  1.16986053e-05   1.01099309e+00]]
[[  1.00735543e+00   1.19814200e-06]
 [ -2.51576090e-06   1.17444842e+00]]
[[  1.07523538e+00  -1.60819786e-05]
 [ -1.15943304e-05   9.77109455e-01]]
[[  9.97660440e-01   2.49979992e-06]
 [ -3.21647414e-05   1.02696641e+00]]
[[  9.12270674e-01   1.33444076e-05]
 [ -1.60648834e-05   7.90305952e-01]]
[[  9.74508873e-01  -7.92717494e-07]
 [  1.70636314e-06   1.06625786e+00]]
[[  1.07917891e+00   2.47090970e-05]
 [  1.26401460e-05   9.73594033e-01]]