0,	0,	0.0,	0.0
1.58900010586,	0.258966892958,	1.52694071435,	0.223347753021
1.59700012207,	0.258526027203,	1.65464628359,	0.297852975746
1.60100007057,	0.260922580957,	1.51287926142,	0.237180978701
1.59700012207,	0.260270684958,	1.36229814022,	0.180250686328
1.59700012207,	0.258526027203,	1.70485248954,	0.228144176078
1.59300005436,	0.259618788958,	1.9656705409,	0.293618556692
1.59700012207,	0.260270684958,	1.69746806763,	0.21034632817
1.59300005436,	0.259618788958,	1.50066372558,	0.260072608304
1.60100007057,	0.260922580957,	1.71640503251,	0.350979242427
1.60400009155,	0.261411517859,	1.44669903695,	0.256655144848
1.60100007057,	0.260922580957,	1.63803572701,	0.237539450089
1.60100007057,	0.259173542261,	1.64286635898,	0.27492017206
1.59700012207,	0.258526027203,	1.56043009155,	0.246056021606
1.60400009155,	0.261411517859,	1.70967973549,	0.357576121213
1.62000012398,	0.264019101858,	1.80267099119,	0.265651444399
1.60400009155,	0.261411517859,	1.86329260022,	0.248316277898
1.60100007057,	0.259173542261,	1.69701898788,	0.182186373706
1.60400009155,	0.261411517859,	1.73690926579,	0.28723207588
1.60400009155,	0.261411517859,	1.804160539,	0.269173107722
1.59700012207,	0.262015342712,	1.42865571017,	0.248198396523
1.58600008488,	0.260210603476,	1.73524219989,	0.277997725114
1.60400009155,	0.261411517859,	1.38335174155,	0.344730527908
1.68000006676,	0.279303580523,	1.75472031748,	0.304698164255
1.88700008392,	0.319902151823,	1.61487294798,	0.343451257831
1.6970000267,	0.282129853964,	1.59122233545,	0.257225523163
1.23500001431,	0.185083597898,	1.30108607232,	0.188280423096
1.23300004005,	0.171313881874,	1.22961963339,	0.141827642462
1.1590000391,	0.187621593475,	1.12349099888,	0.239125518222
1.10000002384,	0.14682623744,	1.21027268638,	0.183540313775
0.818000018597,	0.0841636881232,	0.825222849601,	0.129457958029
0.756000041962,	0.0612665824592,	0.825628953683,	0.0826847469973
0.747000038624,	0.0711460709572,	0.733355312271,	0.0176826883813
0.792000055313,	0.0987930819392,	0.750022157261,	0.0839325947543
0.777000010014,	0.0918289646506,	0.830853835793,	0.0760209920854
0.756000041962,	0.0612665824592,	0.598731630252,	0.117273011056
0.660000026226,	0.0354611501098,	0.678101209251,	-0.00439338992825
0.369000017643,	-0.000732949702069,	0.380709224938,	-0.115616720021
0.637000024319,	0.0578858219087,	0.739604168342,	0.125744569991
0.750000059605,	0.0755285099149,	0.606113465134,	0.0469682236512
1.35900008678,	0.181397154927,	1.41918414679,	0.251025796674
1.51800012589,	0.210911974311,	1.79179446219,	0.261627535385
0.797000050545,	0.0750375017524,	0.848630070225,	0.107645930733
0.786000013351,	0.0748605281115,	0.735561567393,	0.191736538485
1.23900008202,	0.172147512436,	1.01985815579,	0.146886285982
1.60800004005,	0.219903290272,	1.75571782258,	0.295009673539
1.1590000391,	0.154701471329,	1.1168989914,	0.204584325893
0.680000007153,	0.0521360225976,	0.652712600746,	0.0290076282544
0.537000000477,	0.0429320707917,	0.633903499189,	0.0891925389185
0.540000021458,	0.0419920608401,	0.628732581435,	0.109193127734
0.540000021458,	0.0419920608401,	0.622909379957,	0.0278475513923
0.498000025749,	0.034917704761,	0.567149008688,	0.0103165304261
0.676000058651,	0.0459213294089,	0.782571367672,	0.0903174162021
0.676000058651,	0.0459213294089,	0.776439952178,	0.166698369016
4.3860001564,	1.25145733356,	4.38320064725,	1.24202381192
0.724000036716,	0.0507638938725,	0.540973927018,	0.0789686006721
0.724000036716,	0.0507638938725,	0.787671251601,	0.0783824309911
0.502000033855,	0.0313592739403,	0.562882883668,	0.0672801881478
0.550999999046,	0.0314105190337,	0.641664132989,	0.0172407582652
0.587000012398,	0.0392341986299,	0.644402629208,	0.0418738246778
0.575000047684,	0.0478545837104,	1.14913624304,	0.113370755702
0.56200003624,	0.0480005778372,	0.615316968325,	0.0214754127836
0.696000039577,	0.0754129141569,	0.522980800546,	0.108781938357
1.00700008869,	0.128912225366,	1.1662953217,	0.240969702205
1.31200003624,	0.188023403287,	1.17669396109,	0.118452776582
1.50100004673,	0.22494776547,	1.3555099591,	0.285759158871
1.71000003815,	0.271214425564,	1.69978908022,	0.221933657564
1.51800012589,	0.224178776145,	1.56630199636,	0.220989637573
1.40100002289,	0.191594839096,	1.49011093866,	0.141116324508
1.38700008392,	0.19422596693,	1.38449562043,	0.175431861372
1.39900004864,	0.20507645607,	1.51166929045,	0.219427472808
1.3900001049,	0.203757166862,	1.36517525521,	0.196349708885
1.39900004864,	0.20507645607,	1.15975509716,	0.307589362958
1.39900004864,	0.20507645607,	1.14993765561,	0.17995448968
1.39900004864,	0.20507645607,	1.44290517797,	0.253411084897
1.3900001049,	0.203757166862,	1.29649658991,	0.193440006202
1.39900004864,	0.20507645607,	1.42259762311,	0.0865302823593
1.40700006485,	0.206249162555,	1.35925818422,	0.201570809244
