0,	0,	0.0,	0.0
1.40400004387,	0.20734320581,	1.48808850973,	0.291641381763
1.38700008392,	0.20483264327,	1.08113870963,	0.172674206293
1.34000003338,	0.196427792311,	1.49021067815,	0.156396580435
1.38400006294,	0.202877655625,	1.43786710948,	0.18421755513
1.40700006485,	0.200100809336,	1.32876582917,	0.21212314567
1.39300000668,	0.204196929932,	1.57902706361,	0.12840958087
1.39900004864,	0.20507645607,	1.33323274178,	0.195784037312
1.40100002289,	0.205369636416,	1.43678532838,	0.206296414605
1.39600002766,	0.204636693001,	1.37919700346,	0.14603442601
1.3900001049,	0.203757166862,	1.60209726842,	0.187137776076
1.39600002766,	0.204636693001,	1.37257555156,	0.277489123836
1.39600002766,	0.204636693001,	1.37207966284,	0.147203127687
1.3900001049,	0.205275684595,	1.36771621581,	0.17460394397
1.38700008392,	0.203317403793,	1.4822999421,	0.195877230618
1.39600002766,	0.206161767244,	1.40043176705,	0.228754876266
1.39300000668,	0.20571872592,	1.38847465858,	0.242256920723
1.39300000668,	0.20571872592,	1.43785958831,	0.211745193223
1.39600002766,	0.204636693001,	1.38325305307,	0.185844308209
1.40100002289,	0.203839108348,	1.10529731234,	0.251809542957
1.46800005436,	0.232832029462,	1.61652444199,	0.15647495404
1.50100004673,	0.2495444417,	1.67999764361,	0.196077950654
1.4810000658,	0.239747688174,	1.48545604554,	0.28226769626
1.4620000124,	0.236671924591,	1.37790620103,	0.230792326556
1.57800006866,	0.234763503075,	1.48838740563,	0.264135982872
1.16900002956,	0.173915416002,	1.08201230199,	0.188092283282
0.678000032902,	0.0756846368313,	0.627617565696,	0.187485368151
0.489000022411,	0.0321498177946,	0.532461406669,	0.0340880386726
0.479000031948,	0.0278293453157,	0.386723764918,	0.0626394538362
0.365000009537,	0.00804742891341,	0.256129786342,	-0.0211772554036
0.324000000954,	-0.00170543417335,	0.263663408987,	-0.0724499230253
0.707000017166,	0.0727429464459,	0.794586592474,	0.0801366166854
1.07400000095,	0.145702406764,	0.949041163122,	0.0814664210574
1.22400009632,	0.183435082436,	1.17036461094,	0.176445604104
1.57100009918,	0.249168336391,	1.67910028757,	0.247876349094
1.85100007057,	0.311776965857,	1.84299738596,	0.298714280945
1.56000006199,	0.237198278308,	1.75217386713,	0.184111798249
1.3560000658,	0.207661420107,	1.27623001971,	0.328555230408
1.51100003719,	0.241302743554,	1.39048013823,	0.240090628678
1.67200005054,	0.281626731157,	1.74406011146,	0.31352540978
1.86100006104,	0.323626637459,	1.74901254139,	0.372033216247
1.49100005627,	0.220191404223,	1.53766028621,	0.20723548746
1.34300005436,	0.185130164027,	1.37360540861,	0.195200190378
1.17700004578,	0.172533944249,	1.00392377597,	0.124176007185
1.17700004578,	0.172533944249,	1.18380021014,	0.245882471019
1.17700004578,	0.172533944249,	1.03218060618,	0.157657363728
1.00200009346,	0.134839996696,	1.0842078844,	0.139667121655
1.52500009537,	0.241872504354,	1.3875594123,	0.253296575604
1.67600011826,	0.278638571501,	1.85718924908,	0.311545689103
1.6890001297,	0.28079983592,	1.78554749826,	0.290499574732
1.70100009441,	0.282794862986,	1.61916364199,	0.163052143714
1.71400010586,	0.284956157207,	1.69625073117,	0.319659994378
1.73600006104,	0.318957805634,	1.65275999306,	0.407227924044
1.73600006104,	0.318957805634,	1.84521607413,	0.341796651068
1.6930000782,	0.281464844942,	1.32989425149,	0.284469680605
1.71900010109,	0.285787403584,	1.85335683248,	0.263610468371
1.70600008965,	0.283626139164,	1.82344333652,	0.310782661275
1.70100009441,	0.282794862986,	1.74009658605,	0.361668600986
1.68000006676,	0.279303580523,	1.88032081686,	0.238956034957
