0,	0,	0.0,	0.0
0.834000051022,	0.114054322243,	0.701298741197,	0.137578153667
0.832000017166,	0.113780803978,	0.86001339673,	0.138540880515
0.828000068665,	0.113233782351,	0.728433930233,	0.0963985249934
0.830000042915,	0.113507300615,	0.830576826781,	0.0784814298479
0.831000030041,	0.113644048572,	0.858627174994,	0.151978709443
0.833000063896,	0.113917566836,	0.847210690522,	0.109727242551
0.832000017166,	0.113780803978,	0.650637242842,	0.0862278605083
0.831000030041,	0.113644048572,	0.941248891298,	0.0980068071534
0.831000030041,	0.113644048572,	0.71929773448,	0.0972848085924
0.82900005579,	0.113370537758,	0.881506208912,	0.0866975706949
0.827000021935,	0.113097026944,	0.833524798353,	0.0708555559324
0.831000030041,	0.113644048572,	0.834315407331,	0.0848302784689
0.834000051022,	0.114054322243,	0.742668394345,	0.0802670077216
0.855000019073,	-0.016643114388,	0.837543982656,	-0.0185228271084
0.837000012398,	0.0916049182415,	0.729413669626,	0.123901950455
0.838000059128,	0.0953762754798,	0.791622887807,	0.0765052313299
0.840000033379,	0.0873449221253,	0.859506576897,	0.0408732866791
0.841000020504,	0.0892864242196,	0.896112486136,	0.0401892161734
0.837000012398,	0.0961768552661,	0.967617550215,	0.161817621218
0.747000038624,	0.0711460709572,	0.835598988972,	0.0987899996497
0.507000029087,	0.0266867354512,	0.592634332255,	0.0630102797117
0.5150000453,	0.0259825959802,	0.456777660362,	-0.0117118114297
0.513000011444,	0.0253212619573,	0.545917502296,	0.0389791720267
0.57900005579,	0.0399645604193,	0.461157070344,	-0.0428544411002
1.0340000391,	0.119943059981,	0.979419368544,	0.0695218620574
1.03600001335,	0.12583398819,	1.04288116169,	0.0780679283801
1.43100011349,	0.203514039516,	1.51679676807,	0.174621000683
1.67600011826,	0.256667077541,	1.65507025109,	0.317239562734
1.67200005054,	0.256054490805,	1.64046295455,	0.209742930045
1.12600004673,	0.149066582322,	1.20855719809,	0.103013008929
1.08800005913,	0.144035920501,	1.02974644065,	0.220676242802
0.989000022411,	0.117964424193,	0.982146848735,	0.10566520736
0.700000047684,	0.0620813556015,	0.584225376144,	0.0537399893377
1.07600009441,	0.127165988088,	1.08113006069,	0.20306301093
0.849000036716,	0.0892082601786,	0.736685263326,	0.0706227004332
0.816000044346,	0.0866322517395,	0.927926646512,	0.132560715261
0.817000031471,	0.0778130367398,	0.849102821895,	0.0818581372072
0.808000028133,	0.0787212699652,	0.858687309485,	0.0666453911501
0.832000017166,	0.0637899562716,	0.795220758329,	0.0272922371205
0.805000066757,	0.0749112740159,	0.714464389768,	0.0690412747423
0.821000039577,	0.0952352508903,	0.826745401737,	0.0564093395614
0.844000041485,	0.0923710241914,	1.17042433313,	0.146439417443
0.638000011444,	0.0510068200529,	0.556877050449,	0.0950230188255
0.395000010729,	0.00094148889184,	0.364979854113,	-0.0260083917543
0.707000017166,	0.0657916367054,	0.852274910591,	0.0499283867774
1.10900008678,	0.145604476333,	1.2920353211,	0.0758586374563
1.54600012302,	0.245203211904,	1.50827300771,	0.19513609798
1.78200006485,	0.29820805788,	1.69021941491,	0.25214151414
1.84600007534,	0.312951475382,	1.75358733114,	0.352198681086
1.60800004005,	0.258550077677,	1.53978371688,	0.209052213029
1.10000002384,	0.149229645729,	1.11280201141,	0.0708035336009
0.755000054836,	0.0735576152802,	0.603150781736,	0.102648159729
0.632000029087,	0.0470749661326,	0.690393827391,	0.0705360270695
1.23000001907,	0.160147279501,	1.11436578382,	0.159705078309
1.82600009441,	0.277643620968,	1.89898024969,	0.247587395738
1.15299999714,	0.155160203576,	1.28349919278,	0.101176511775
0.682000041008,	0.0575047545135,	0.633942484592,	-0.00125281393465
0.75100004673,	0.0715270414948,	0.787588081785,	0.0563520889959
0.768000006676,	0.0874092876911,	0.643919803415,	0.136698276196
0.768000006676,	0.0874092876911,	0.735442316445,	0.00547164551992
0.951000034809,	0.122782252729,	0.984214465636,	0.094957229166
0.951000034809,	0.122782252729,	0.766645967357,	0.0619482749968
0.969000041485,	0.125106215477,	0.949779601486,	0.18834755634
0.820000052452,	0.0789945796132,	0.934221769625,	0.0588010420848
0.678000032902,	0.0505013056099,	0.686516421676,	0.0391445503666
0.802000045776,	0.0798890069127,	0.767424131161,	0.0622382630676
0.824000060558,	0.083880841732,	0.799633989202,	0.202685215606
1.16900002956,	0.153482094407,	1.0619436166,	0.1320622571
1.63600003719,	0.25232860446,	1.57585698968,	0.164921796432
1.52500009537,	0.233542516828,	1.28401769492,	0.287659256691
1.52100002766,	0.236253201962,	1.52338760268,	0.254289641218
1.52100002766,	0.236253201962,	1.33395041152,	0.267313625347
1.51800012589,	0.237445577979,	1.61044901427,	0.285687704593
1.51800012589,	0.237445577979,	1.74230143255,	0.273270028478
1.5150001049,	0.236976325512,	1.58656650007,	0.242700935893
1.51800012589,	0.237445577979,	1.47560604655,	0.187198753011
1.51800012589,	0.237445577979,	1.39612819884,	0.251317369591
1.5150001049,	0.238631397486,	1.24882765117,	0.272127711797
1.5150001049,	0.236976325512,	1.45455995875,	0.26579398661
1.51100003719,	0.236350640655,	1.25282205417,	0.243460783353
1.51800012589,	0.237445577979,	1.43096478365,	0.286677960698
1.5150001049,	0.236976325512,	1.59715923324,	0.317158950514
1.51100003719,	0.236350640655,	1.74544800342,	0.206471237358
1.51100003719,	0.236350640655,	1.54684766853,	0.204587021778
1.51100003719,	0.236350640655,	1.36481022009,	0.125943558126
1.5150001049,	0.236976325512,	1.49290953324,	0.275151682832
1.5150001049,	0.236976325512,	1.72326007179,	0.231786551185
1.51100003719,	0.236350640655,	1.66535782051,	0.206535690071
1.5150001049,	0.236976325512,	1.56557759609,	0.297337545559
1.5150001049,	0.236976325512,	1.40270941129,	0.317543861625
