0,	0,	0.0,	0.0
0.964000046253,	0.142363861203,	0.851411628406,	0.122742326511
0.968000054359,	0.142954587936,	0.74885108746,	0.142301373234
0.968000054359,	0.142954587936,	0.974573574765,	0.241522514453
0.972000062466,	0.143545299768,	0.953777626027,	0.148709499048
0.962000072002,	0.142068490386,	0.923076380193,	0.0630955646182
0.961000025272,	0.140870973468,	0.946235964012,	0.119376464141
0.961000025272,	0.0705309137702,	0.928342886934,	0.0991283610581
0.965000033379,	0.0760955885053,	0.827079032674,	0.0664636422428
0.965000033379,	0.0760955885053,	0.924063639125,	-0.00995779939742
0.961000025272,	0.076830022037,	0.987910828961,	0.134111547096
0.958000063896,	0.0661244317889,	0.990923626264,	0.0879227403937
0.904000043869,	0.064372330904,	0.992643935498,	0.129589744969
0.8900000453,	0.0624031312764,	1.14679970415,	0.0956339616087
0.867000043392,	0.0617376230657,	0.870973588569,	0.0237573182153
0.884000062943,	0.061982434243,	0.92415379225,	0.0830322018142
0.880000054836,	0.0665087848902,	0.668303201161,	0.00572861626289
0.795000016689,	0.0513996034861,	0.701178463495,	0.0783769469793
0.667000055313,	0.0314652360976,	0.684609745534,	0.0245643837201
0.623000025749,	0.0273477677256,	0.742923260813,	0.0372517024947
0.60900002718,	0.026067905128,	0.641998133692,	0.109727893834
0.614000022411,	0.0282942336053,	0.59411157481,	0.109771470821
0.660000026226,	0.0296929758042,	0.800527559235,	0.00980134340783
0.658000051975,	0.0669825226068,	0.774111925628,	0.0868427038984
0.658000051975,	0.0677013546228,	0.687457058901,	0.0981364877342
0.701000034809,	0.0682965442538,	0.578305983498,	0.0504775864482
0.728000044823,	0.0629739910364,	0.712043373887,	0.0690344285234
0.722000062466,	0.0671875029802,	0.757788810096,	0.119754397851
0.78100001812,	0.0897420793772,	0.707912923661,	-0.00312444974238
1.00999999046,	0.135916575789,	0.844628640213,	0.159933651924
1.00700008869,	0.144313693047,	0.850511843087,	0.14707058617
1.02300000191,	0.141018748283,	1.05938326976,	0.197420505443
1.2650001049,	0.197871312499,	1.0064500161,	0.16428762
1.09700000286,	0.219529777765,	0.9655244455,	0.211368022296
1.22400009632,	0.182097911835,	1.20138361381,	0.116417881949
1.47800004482,	0.23603272438,	1.44436394064,	0.275428240181
1.54200005531,	0.249622508883,	1.62503129293,	0.150953377404
1.54600012302,	0.248581081629,	1.6572109092,	0.264091848511
1.5490000248,	0.249063462019,	1.67734263164,	0.214077211815
1.66800010204,	0.275486320257,	1.57682104486,	0.22871420795
1.79700005054,	0.304644525051,	1.69594919743,	0.206881919492
1.30900001526,	0.206183820963,	1.48890714457,	0.17976061888
0.988000035286,	0.137273401022,	0.954421863233,	0.152073037142
0.854000031948,	0.108392804861,	0.812413193168,	0.123132088359
0.81400001049,	0.0979802981019,	0.695854871734,	0.150455318234
0.819000065327,	0.0976874232292,	0.756601632273,	0.0932226946503
0.811000049114,	0.105593040586,	0.869927435623,	0.101427467998
0.809000015259,	0.105332635343,	0.70680137177,	0.117981668613
0.476000010967,	0.0354551970959,	0.527464815378,	-0.0395424315636
0.723000049591,	0.0886064246297,	0.777540026435,	0.0835662916555
0.48400002718,	0.0349935814738,	0.464436661755,	0.0317469926759
0.374000012875,	0.0123316487297,	0.431194973472,	0.0884642547354
0.43100002408,	0.0198612622917,	0.444832837702,	-0.00961159541282
0.658000051975,	0.0576376393437,	0.719715253901,	0.093770424133
0.950000047684,	0.124728813767,	0.917054168992,	0.0946943523846
1.01700007915,	0.145746812224,	0.960530329041,	0.155429936077
1.06200003624,	0.149875387549,	1.05556025878,	0.182328172638
0.825000047684,	0.111922234297,	0.758085853395,	-0.00206950534605
0.740000009537,	0.0890729948878,	0.728716131836,	0.083135138499
0.969000041485,	0.137809306383,	1.02661752998,	0.0549881468463
0.969000041485,	0.137809306383,	0.947547519453,	0.0721074407115
0.969000041485,	0.137809306383,	0.787438144105,	0.0633541140382
0.969000041485,	0.137809306383,	1.20163893916,	0.146547422727
0.969000041485,	0.137809306383,	1.03649344609,	0.109015550178
0.882000029087,	0.111946672201,	0.840385970366,	0.207519651066
0.877000033855,	0.111312046647,	0.808727854227,	0.119335672063
0.880000054836,	0.11169282347,	0.964544582695,	0.132304333032
0.950000047684,	0.133031487465,	1.13915374914,	0.0663776075294
0.959000051022,	0.131148785353,	0.897389946144,	0.0960765267795
0.957000017166,	0.129829794168,	0.948732319821,	0.0870711493462
1.27000010014,	0.182004362345,	1.31089806192,	0.165088267379
1.15700006485,	0.250496476889,	1.06986799079,	0.173514853237
1.15700006485,	0.170866161585,	1.24663443363,	0.171713021623
1.50800001621,	0.245765924454,	1.56899656293,	0.233871497783
1.77300012112,	0.302512735128,	1.77069212008,	0.281438216197
1.65200006962,	0.283672213554,	1.83913767444,	0.297467848751
1.22600007057,	0.189092218876,	1.09151141293,	0.20308706133
0.831000030041,	0.106381393969,	1.01798968035,	0.15735480837
0.830000042915,	0.110787078738,	0.87272861993,	0.150112447995
0.82900005579,	0.11155924201,	0.887003489591,	0.0630669184837
0.832000017166,	0.11196295917,	0.754108098863,	0.103860078002
0.485000014305,	0.0578490793705,	-0.235608090853,	0.0276865438099
0.834000051022,	0.112232103944,	0.946635961316,	0.0450045201591
0.832000017166,	0.104691557586,	0.684819326256,	0.0611535091042
0.827000021935,	0.103158943355,	0.919839427849,	0.0497084886489
0.832000017166,	0.103782631457,	0.913662461701,	0.0758501993809
0.834000051022,	0.104032114148,	0.875301003078,	0.0231235178249
0.834000051022,	0.104032114148,	0.765564994254,	0.0746139584113
0.835000038147,	0.103244647384,	0.792767782628,	0.0872377839713
0.834000051022,	0.103121004999,	0.760513080519,	0.163577025153
0.833000063896,	0.103907376528,	0.743913383433,	0.167717577244
