0,	0,	0.0,	0.0
0.869000017643,	0.118840768933,	1.04806107412,	0.091088800604
0.867000043392,	0.11856726557,	1.0394252687,	0.114896419926
0.867000043392,	0.11856726557,	0.809491027862,	0.0557446273877
0.867000043392,	0.11856726557,	0.891113933533,	0.205956546055
0.867000043392,	0.11856726557,	0.685054277711,	0.198078206475
0.868000030518,	0.118704013526,	0.866001442142,	0.0914360204438
0.868000030518,	0.118704013526,	0.930164753757,	0.141341861672
0.867000043392,	0.11856726557,	0.724987724088,	0.0775182398602
0.869000017643,	0.118840768933,	1.10708009907,	0.0451866297686
0.864000022411,	0.118156991899,	1.0355768752,	0.0937224077789
0.866000056267,	0.118430502713,	0.882731951564,	0.130054114905
0.869000017643,	0.118840768933,	0.788923383411,	0.122334096994
0.866000056267,	0.118430502713,	0.830428079471,	0.121454938612
0.868000030518,	0.118704013526,	0.737863225558,	0.103030146747
0.870000064373,	0.11897752434,	0.738081845754,	0.138510433979
0.867000043392,	0.11856726557,	0.881741422185,	0.122346601856
0.867000043392,	0.11856726557,	0.894206554662,	0.210084257977
0.867000043392,	0.11856726557,	0.8292417711,	0.156380482272
0.869000017643,	0.118840768933,	0.752860730572,	0.0961344808673
0.869000017643,	0.118840768933,	0.757947644494,	0.142981156407
0.869000017643,	0.118840768933,	0.75623075649,	0.187771360973
0.867000043392,	0.11856726557,	0.924463593798,	0.133587179094
0.868000030518,	0.118704013526,	0.774702532486,	0.155860255687
0.867000043392,	0.11856726557,	0.778243955661,	0.0582145558805
0.868000030518,	0.118704013526,	0.890182657196,	0.0861745440093
0.866000056267,	0.118430502713,	0.855068187601,	0.10404324005
0.869000017643,	0.118840768933,	0.878147041511,	0.137638112189
0.864000022411,	0.118156991899,	-48.1320376414,	0.108124139128
0.869000017643,	0.118840768933,	0.713486765444,	0.0933613000873
0.867000043392,	0.11856726557,	0.913672749098,	0.0756537840215
0.869000017643,	0.118840768933,	0.789225297814,	0.156044753704
0.869000017643,	0.118840768933,	0.895828333822,	0.1649232894
0.867000043392,	0.11856726557,	0.702119672265,	0.134084533265
0.865000069141,	0.118293747306,	0.923152019195,	0.0940422263384
0.868000030518,	0.118704013526,	0.978057013907,	0.019568466651
0.867000043392,	0.11856726557,	0.89692339432,	0.00844851854584
0.869000017643,	0.118840768933,	0.734694544017,	0.0712017070519
0.870000064373,	0.11897752434,	0.853626948162,	0.220714827014
0.866000056267,	0.118430502713,	0.8698333429,	0.117450592063
0.869000017643,	0.118840768933,	1.02743569409,	0.171789146019
0.865000069141,	0.118293747306,	0.889508677373,	0.0940340260656
0.868000030518,	0.118704013526,	1.05385598382,	0.127344254555
0.867000043392,	0.11856726557,	0.710287046156,	0.231669250946
0.868000030518,	0.118704013526,	0.958635827778,	0.0885821330823
0.872000038624,	0.119251035154,	0.682630363519,	0.0960716073271
0.866000056267,	0.118430502713,	1.03879034343,	0.183484444379
0.869000017643,	0.118840768933,	1.04877605806,	0.13527291695
0.866000056267,	0.118430502713,	0.892832998633,	0.132476426198
0.865000069141,	0.118293747306,	0.816687120152,	0.0609323724343
0.870000064373,	0.11897752434,	0.792963712223,	0.0934413866679
0.869000017643,	0.118840768933,	0.707836897386,	0.172155674271
0.869000017643,	0.118840768933,	0.691407099218,	0.0648634128922
0.869000017643,	0.118840768933,	0.972476522549,	0.110352938377
0.866000056267,	0.118430502713,	0.915005017804,	0.192695067476
0.870000064373,	0.11897752434,	0.920430795455,	0.159747287642
0.868000030518,	0.118704013526,	0.743886451943,	0.066184710572
0.868000030518,	0.118704013526,	0.87436149696,	0.154312626205
0.869000017643,	0.118840768933,	0.957830679547,	0.116542816242
0.868000030518,	0.118704013526,	0.75497639037,	0.178973458153
0.867000043392,	0.11856726557,	0.808825639632,	0.0976060268523
0.869000017643,	0.118840768933,	0.97062407011,	0.0795360124509
0.864000022411,	0.118156991899,	0.80960156593,	0.0877450104693
0.869000017643,	0.118840768933,	1.02780291861,	0.136304334179
0.867000043392,	0.11856726557,	0.881636982331,	0.0791145563231
0.869000017643,	0.118840768933,	0.80191561637,	0.0638991389413
0.868000030518,	0.118704013526,	0.729072999272,	0.079284127515
0.867000043392,	0.11856726557,	0.82542097357,	0.027513487642
0.866000056267,	0.118430502713,	0.900264342767,	0.114000879882
0.867000043392,	0.11856726557,	0.820959226175,	0.233428771192
0.869000017643,	0.118840768933,	0.88033352719,	0.108265379966
0.868000030518,	0.118704013526,	0.718693565954,	0.114501984588
0.869000017643,	0.118840768933,	0.744956102427,	0.0758332571318
0.865000069141,	0.118293747306,	0.772353224674,	0.109415033474
0.870000064373,	0.11897752434,	0.882480816236,	0.173477039987
0.868000030518,	0.118704013526,	0.78298378991,	0.0910007711969
0.866000056267,	0.118430502713,	0.711208096256,	-0.000934821512387
0.868000030518,	0.118704013526,	0.864896289569,	0.0021237693341
0.868000030518,	0.118704013526,	0.797842304097,	0.196151136286
0.867000043392,	0.11856726557,	0.947980332163,	0.157267117688
0.866000056267,	0.118430502713,	0.78586712036,	0.108374668839
0.869000017643,	0.118840768933,	0.795407742303,	0.129280122233
0.863000035286,	0.118020236492,	0.717912961671,	0.130754269018
0.865000069141,	0.118293747306,	0.940014547249,	0.197956186194
0.866000056267,	0.118430502713,	1.02613447732,	0.105756454921
0.868000030518,	0.118704013526,	0.7670547967,	0.211961438147
0.866000056267,	0.118430502713,	0.781242342367,	0.143469434271
0.870000064373,	0.11897752434,	0.678097885899,	0.123900797654
0.867000043392,	0.11856726557,	0.866125736997,	0.0517987357534
0.869000017643,	0.118840768933,	0.911978896439,	0.266784066642
0.868000030518,	0.118704013526,	0.89382531177,	0.163662309675
0.867000043392,	0.11856726557,	0.764154900081,	0.176173272937
0.867000043392,	0.11856726557,	0.893384344189,	0.107810163017
0.867000043392,	0.11856726557,	0.741683949833,	0.0497102231636
0.868000030518,	0.118704013526,	0.87823802433,	0.0808432561248
0.865000069141,	0.118293747306,	1.0033381172,	0.0327998613974
0.866000056267,	0.118430502713,	0.974846853894,	0.107609705708
0.868000030518,	0.118704013526,	0.871454775506,	0.137214429226
0.868000030518,	0.118704013526,	1.02449839692,	0.132836141471
0.870000064373,	0.11897752434,	0.839959578678,	0.0848094721936
0.867000043392,	0.11856726557,	0.921328599712,	0.177419159274
0.870000064373,	0.11897752434,	0.962145176702,	0.129842435874
0.870000064373,	0.11897752434,	0.862275648072,	0.132848147051
0.869000017643,	0.118840768933,	0.810669560453,	0.0927715100496
0.866000056267,	0.118430502713,	0.861162307764,	0.145789306428
0.867000043392,	0.11856726557,	0.713101773495,	0.208738476815
0.870000064373,	0.11897752434,	0.815569130346,	0.17611311468
0.869000017643,	0.118840768933,	1.00939319962,	0.0779939719955
0.865000069141,	0.118293747306,	0.780580145634,	0.130256120961
0.866000056267,	0.118430502713,	0.754520653059,	0.112586485113
0.869000017643,	0.118840768933,	0.930934419584,	0.102432087241
0.868000030518,	0.118704013526,	0.736894983845,	0.0729313880979
0.865000069141,	0.118293747306,	0.801363278705,	0.0962437868841
0.870000064373,	0.11897752434,	0.684387908443,	0.0734337288853
0.867000043392,	0.11856726557,	0.668650539799,	0.092103123849
0.868000030518,	0.118704013526,	0.918955084401,	0.136250190517
0.868000030518,	0.118704013526,	0.875203656378,	0.0405512088299
0.863000035286,	0.118020236492,	0.932647642444,	0.191472717095
0.865000069141,	0.118293747306,	0.936481032139,	0.104677459012
0.870000064373,	0.11897752434,	0.826757977906,	0.0312403322447
0.870000064373,	0.11897752434,	0.921057287164,	0.0395818529027
0.867000043392,	0.11856726557,	0.866848815826,	0.129658577354
0.867000043392,	0.11856726557,	0.795030055881,	0.185239700118
0.867000043392,	0.11856726557,	0.929743593636,	0.150609509907
0.866000056267,	0.118430502713,	0.862443045478,	0.177108907878
0.868000030518,	0.118704013526,	0.808439170089,	0.082718574783
0.866000056267,	0.118430502713,	0.786431156311,	0.1424859312
0.867000043392,	0.11856726557,	0.827799126599,	0.133644086776
0.865000069141,	0.118293747306,	0.888809039767,	0.137074829226
0.867000043392,	0.11856726557,	0.859510289802,	0.14326983066
0.868000030518,	0.118704013526,	0.891601227635,	0.114644390681
0.868000030518,	0.118704013526,	0.857284781484,	0.131741714564
0.872000038624,	0.119251035154,	0.906570151048,	0.115838068556
0.868000030518,	0.118704013526,	0.710541248273,	0.119623381984
0.866000056267,	0.118430502713,	0.751919867077,	0.0834393271864
0.869000017643,	0.118840768933,	0.773096960346,	0.154518108447
0.867000043392,	0.11856726557,	0.862219186742,	0.148366807188
0.869000017643,	0.118840768933,	0.852141109567,	0.0135644560471
0.868000030518,	0.118704013526,	1.03760920239,	0.182087686783
0.870000064373,	0.11897752434,	0.926709947813,	0.120123341699
0.869000017643,	0.118840768933,	0.963530994141,	0.0424266938686
0.869000017643,	0.118840768933,	0.694098846849,	0.138509862373
0.866000056267,	0.118430502713,	0.88010517242,	0.120083751058
0.870000064373,	0.11897752434,	0.817953955691,	0.190923221247
0.869000017643,	0.118840768933,	0.791787810726,	0.0786586079327
0.870000064373,	0.11897752434,	0.955205598288,	-0.0302290123302
0.869000017643,	0.118840768933,	0.713277415555,	0.262178368057
0.866000056267,	0.118430502713,	0.719549394768,	0.157973467071
0.868000030518,	0.118704013526,	0.832304208868,	0.138144862475
0.868000030518,	0.118704013526,	0.911802840237,	0.172195179924
0.869000017643,	0.118840768933,	0.801008517898,	0.177946002541
0.868000030518,	0.118704013526,	0.702104081927,	0.125815549988
0.869000017643,	0.118840768933,	0.898157485504,	0.107414155609
0.868000030518,	0.118704013526,	0.971455166337,	0.18665350628
0.870000064373,	0.11897752434,	0.822471240174,	0.101200848027
0.866000056267,	0.118430502713,	0.894709358325,	0.164748636602
0.866000056267,	0.118430502713,	0.888103419024,	0.070219103936
0.869000017643,	0.12263815105,	0.723864282033,	0.145874328098
0.870000064373,	0.11897752434,	1.03874080011,	0.115051190571
0.872000038624,	0.119251035154,	0.739248358339,	0.133686568582
0.865000069141,	0.118293747306,	0.785310406366,	0.207638505443
0.869000017643,	0.118840768933,	0.866751630859,	0.134461209164
0.868000030518,	0.118704013526,	1.05771851623,	0.10063369735
0.870000064373,	0.11897752434,	0.837286340788,	0.144774716755
0.869000017643,	0.118840768933,	0.915535496219,	0.095003530813
0.870000064373,	0.11897752434,	1.10193854834,	0.209816778275
0.867000043392,	0.11856726557,	0.688418500631,	0.138079536474
0.867000043392,	0.11856726557,	0.764588691875,	0.1077169882
0.864000022411,	0.118156991899,	0.722254816488,	0.0991570298923
0.866000056267,	0.118430502713,	0.718027934205,	0.12778180172
0.869000017643,	0.118840768933,	0.6696393341,	0.172357000277
0.870000064373,	0.11897752434,	0.923408802851,	0.056586106375
0.869000017643,	0.118840768933,	0.780149586537,	0.111584915349
0.864000022411,	0.118156991899,	0.978898706846,	0.0564650360436
0.868000030518,	0.118704013526,	0.91060292216,	0.219848713491
0.867000043392,	0.11856726557,	0.834135243095,	0.125707362799
0.869000017643,	0.118840768933,	0.93465011173,	0.11241993993
0.872000038624,	0.119251035154,	0.866326261589,	0.23698187172
0.872000038624,	0.119251035154,	0.985677081484,	0.125450355674
0.865000069141,	0.118293747306,	0.962292589268,	0.0992292424828
0.869000017643,	0.118840768933,	0.831533997295,	0.132730204074
0.868000030518,	0.118704013526,	0.8595198883,	0.237074046203
0.868000030518,	0.118704013526,	0.992869253813,	0.151754099701
0.869000017643,	0.118840768933,	0.84925622606,	0.180148939943
0.869000017643,	0.118840768933,	0.963795417168,	0.0628197942069
0.869000017643,	0.118840768933,	0.817500534725,	0.173995544184
0.867000043392,	0.11856726557,	0.971211194398,	0.181423864053
0.868000030518,	0.118704013526,	0.996658996359,	0.136493247477
0.869000017643,	0.118840768933,	0.953984053544,	0.0254559657501
0.870000064373,	0.11897752434,	0.842927605261,	0.0661390726445
0.870000064373,	0.11897752434,	0.920671498121,	0.0127174397741
0.870000064373,	0.11897752434,	0.848567104517,	0.106489698078
0.870000064373,	0.11897752434,	0.978976826148,	0.151939532212
0.870000064373,	0.11897752434,	0.873311789897,	0.189914104336
0.867000043392,	0.11856726557,	0.895120135989,	0.0675116047942
0.867000043392,	0.11856726557,	0.942862382563,	0.0511752530064
0.869000017643,	0.118840768933,	0.745836360572,	0.110494186453
0.869000017643,	0.12263815105,	0.82843619519,	0.148066251679
0.867000043392,	0.11856726557,	0.977941009207,	0.134127441174
0.868000030518,	0.118704013526,	0.891583457986,	0.192002147486
0.870000064373,	0.11897752434,	0.718054416188,	0.151533203832
0.865000069141,	0.118293747306,	0.825590302716,	0.0425392518378
0.863000035286,	0.118020236492,	0.734746450244,	0.187747144127
0.868000030518,	0.118704013526,	1.00728984848,	0.159064026524
0.873000025749,	0.119387790561,	0.7291951375,	0.0810541541903
0.867000043392,	0.11856726557,	0.888462547976,	0.054164677824
0.872000038624,	0.119251035154,	0.979714571853,	0.127913567443
0.866000056267,	0.118430502713,	0.896718531773,	0.121307311878
0.868000030518,	0.118704013526,	0.789580438788,	0.025114269246
0.872000038624,	0.119251035154,	0.829028350675,	0.133056580331
0.869000017643,	0.118840768933,	0.906479047918,	0.0365026107342
0.869000017643,	0.118840768933,	0.843073173263,	0.0899277809432
0.868000030518,	0.118704013526,	0.792497643677,	0.0548617689065
0.867000043392,	0.11856726557,	0.782614548826,	0.106239165133
0.870000064373,	0.11897752434,	0.872142452267,	0.0757044753993
0.867000043392,	0.11856726557,	0.840909949259,	0.123843561325
0.868000030518,	0.118704013526,	0.926694773141,	0.212600801632
0.866000056267,	0.118430502713,	1.04279030933,	0.24223659443
0.866000056267,	0.119376569986,	1.00051939259,	0.0918988348561
0.868000030518,	0.118704013526,	0.958125260368,	0.142448084637
0.872000038624,	0.119251035154,	0.696664243955,	0.134214861512
0.867000043392,	0.11856726557,	0.794677894709,	0.121034731575
0.870000064373,	0.11897752434,	0.888648895031,	0.131560207466
0.868000030518,	0.118704013526,	0.891537092669,	0.143371811096
0.868000030518,	0.118704013526,	0.723360926915,	0.0808128479004
0.867000043392,	0.11856726557,	0.735151557084,	0.115342133951
0.870000064373,	0.11897752434,	0.993924573796,	0.0612363455632
0.872000038624,	0.119251035154,	0.93329633056,	0.122385456462
0.870000064373,	0.11897752434,	1.03579815101,	0.143310717615
0.870000064373,	0.11897752434,	0.79331256469,	0.116790341447
0.869000017643,	0.118840768933,	0.88714621303,	0.173032536129
0.867000043392,	0.11856726557,	1.04817341585,	0.104420893512
0.870000064373,	0.11897752434,	0.816676363694,	0.137327110666
0.870000064373,	0.11897752434,	0.959649795019,	0.144970277124
0.868000030518,	0.118704013526,	0.762089011513,	0.154236080615
0.863000035286,	0.118020236492,	0.768202547922,	0.0483375120043
0.870000064373,	0.11897752434,	0.843272913913,	0.108586164576
0.868000030518,	0.118704013526,	0.776211009929,	0.10987639519
0.869000017643,	0.118840768933,	0.829874146409,	0.191505661241
0.874000012875,	0.119524553418,	0.774845379969,	0.161252635666
0.870000064373,	0.11897752434,	0.838014883004,	0.110312720063
0.866000056267,	0.118430502713,	0.812693984548,	0.103721795007
0.867000043392,	0.11856726557,	0.842597376178,	0.115438284975
0.864000022411,	0.118156991899,	0.806765993507,	0.12404278914
0.917000055313,	0.107372947037,	0.744005684592,	0.231786489615
0.917000055313,	0.107372947037,	0.977191913574,	0.0120875375543
0.917000055313,	0.107372947037,	0.767459289955,	0.242332860501
0.917000055313,	0.107372947037,	1.04809191559,	0.0961777279318
0.917000055313,	0.107372947037,	0.823891895843,	0.11750803124
0.917000055313,	0.107372947037,	0.918996620719,	0.148352665261
0.883000016212,	0.111108951271,	0.900655910639,	0.195601050014
0.884000062943,	0.121857836843,	0.884592134001,	0.00119298807482
0.882000029087,	0.121582143009,	0.937373379318,	0.103581464517
0.882000029087,	0.121582143009,	0.898342996996,	0.0248979229012
0.878000020981,	0.121030755341,	0.85106729838,	0.154899684149
0.877000033855,	0.120892897248,	0.862180501365,	0.163827634077
0.880000054836,	0.121306441724,	0.864772799494,	0.125701475516
0.877000033855,	0.120892897248,	0.712115973267,	0.121473201513
0.878000020981,	0.121030755341,	0.916837682365,	0.175206620743
0.881000041962,	0.121444292367,	0.683240952282,	0.00898055206581
0.882000029087,	0.121582143009,	0.81886375991,	0.181829968966
0.881000041962,	0.121444292367,	0.920230606657,	0.0929854709263
0.878000020981,	0.121030755341,	0.981891495082,	0.164517517847
0.882000029087,	0.121582143009,	1.05138661616,	0.10310208451
0.881000041962,	0.121444292367,	0.813872108145,	0.110733195852
0.883000016212,	0.121719993651,	0.981437497597,	0.146305390228
0.881000041962,	0.121444292367,	0.811992524195,	0.169145051675
0.880000054836,	0.121306441724,	0.929657941309,	0.0621724613208
0.882000029087,	0.121582143009,	0.932702032707,	0.132769734232
0.881000041962,	0.121444292367,	0.866017279684,	0.161177642103
0.882000029087,	0.121582143009,	1.0279072285,	0.0733288893478
0.880000054836,	0.121306441724,	1.09380647443,	0.157213161025
0.881000041962,	0.121444292367,	0.910172264877,	0.190436489607
0.877000033855,	0.120892897248,	0.82159912633,	0.10582242967
0.881000041962,	0.121444292367,	0.958646176234,	0.164409731334
0.882000029087,	0.121582143009,	1.16637950323,	0.206968534934
0.881000041962,	0.121444292367,	0.890786620364,	0.194420065092
0.882000029087,	0.121582143009,	0.832846594094,	0.149110883763
0.880000054836,	0.121306441724,	0.863712886307,	0.115253697548
0.877000033855,	0.120892897248,	1.05025253003,	0.142555080548
0.882000029087,	0.121582143009,	0.96949509271,	0.13203586035
0.880000054836,	0.121306441724,	0.989508663777,	0.156229058238
0.883000016212,	0.121719993651,	0.937089884045,	0.236701588805
0.882000029087,	0.121582143009,	0.942253239035,	0.119867258253
0.881000041962,	0.121444292367,	1.03664533897,	0.0257050396732
0.881000041962,	0.121444292367,	1.04237744783,	0.202031692339
0.877000033855,	0.120892897248,	0.921942875018,	0.17154496835
0.885000050068,	0.121995694935,	0.770817005599,	0.113230720522
0.881000041962,	0.121444292367,	0.867367807387,	0.0997121358992
0.882000029087,	0.121582143009,	0.859237906279,	0.207178003575
0.878000020981,	0.121030755341,	0.74545166483,	0.0622704055031
0.880000054836,	0.121306441724,	0.942215302852,	0.172694976174
0.880000054836,	0.121306441724,	0.883152874517,	0.184402793048
0.881000041962,	0.121444292367,	0.740630569951,	0.179545355368
0.881000041962,	0.121444292367,	0.874870719618,	0.0428229389459
0.880000054836,	0.121306441724,	1.05679025165,	0.056680967078
0.883000016212,	0.121719993651,	0.904169748561,	0.194761309665
0.883000016212,	0.121719993651,	0.775111080198,	0.128175979887
0.881000041962,	0.121444292367,	0.827920770568,	0.135301256544
0.881000041962,	0.121444292367,	0.83354834288,	0.123904670527
0.880000054836,	0.121306441724,	1.05550140366,	0.100891961874
0.880000054836,	0.121306441724,	0.817278455253,	0.162865239245
0.878000020981,	0.121030755341,	0.721540228193,	0.115718644973
0.881000041962,	0.121444292367,	0.976956847381,	0.115663089972
0.884000062943,	0.121857836843,	0.936629697513,	0.20392432828
0.883000016212,	0.121719993651,	0.910518625829,	0.102101258623
0.880000054836,	0.121306441724,	0.674540581115,	0.0931190857557
0.883000016212,	0.121719993651,	0.964803688086,	0.0847221459107
0.883000016212,	0.121719993651,	0.829471823434,	0.164531539832
0.880000054836,	0.121306441724,	0.895959364319,	-0.00665449829712
0.881000041962,	0.121444292367,	1.01446238089,	0.122050736418
0.880000054836,	0.121306441724,	0.85862732411,	0.0799546793918
0.882000029087,	0.121582143009,	1.11404308112,	0.111679707692
0.884000062943,	0.121857836843,	0.779822560388,	0.179792193281
0.882000029087,	0.121582143009,	0.98427992874,	0.185675363294
0.880000054836,	0.121306441724,	0.84996818707,	0.232360873602
0.883000016212,	0.121719993651,	0.873161707336,	0.190016014644
0.884000062943,	0.121857836843,	1.13987336173,	0.134285239301
0.885000050068,	0.121995694935,	0.811252203836,	0.128783218375
0.884000062943,	0.121857836843,	0.856932525175,	0.0712358970495
0.882000029087,	0.121582143009,	0.895081882121,	0.200174404762
0.880000054836,	0.121306441724,	0.899672668329,	0.124034058814
0.881000041962,	0.121444292367,	0.95958265692,	0.0876178405252
0.884000062943,	0.121857836843,	1.03084239242,	0.0899273570257
0.886000037193,	0.122133538127,	0.788303127537,	0.035065405458
0.882000029087,	0.121582143009,	0.907496604187,	0.129385696941
0.884000062943,	0.121857836843,	0.880535182312,	0.138793760677
0.884000062943,	0.121857836843,	0.915742651447,	0.140477991729
0.883000016212,	0.121719993651,	0.810574592962,	0.192772222931
0.880000054836,	0.121306441724,	0.793079773747,	0.125752404419
0.880000054836,	0.121306441724,	0.97732091597,	0.142069329858
0.882000029087,	0.121582143009,	0.912910998649,	0.0563235570071
0.882000029087,	0.121582143009,	0.893615774364,	0.0431865972766
0.882000029087,	0.121582143009,	0.800431635862,	0.170977526663
0.883000016212,	0.121719993651,	0.961385689526,	0.137527752239
0.880000054836,	0.121306441724,	0.898014460994,	0.0847832956886
0.880000054836,	0.121306441724,	0.817621152373,	0.197183491371
0.882000029087,	0.121582143009,	0.747466489726,	0.0701879432602
0.877000033855,	0.120892897248,	0.774408566019,	0.141366252177
0.883000016212,	0.121719993651,	0.969476588893,	0.162415651087
0.881000041962,	0.121444292367,	0.796757035187,	0.0545888938741
0.882000029087,	0.121582143009,	0.698119641963,	0.135282692853
0.881000041962,	0.121444292367,	0.869470083283,	0.252556186929
0.884000062943,	0.121857836843,	0.951038011885,	0.117669848098
0.881000041962,	0.121444292367,	0.80106495575,	0.0814732689931
0.880000054836,	0.121306441724,	0.806329644684,	0.0717492521469
0.881000041962,	0.121444292367,	0.929213181523,	0.111562818944
0.881000041962,	0.121444292367,	0.616056523519,	0.179563838914
0.881000041962,	0.121444292367,	1.11291076042,	0.182358652608
0.883000016212,	0.121719993651,	0.669197536189,	0.154401827538
0.882000029087,	0.121582143009,	1.0496845239,	0.171603977937
0.881000041962,	0.121444292367,	0.797265813462,	0.198484597351
0.881000041962,	0.121444292367,	0.713923189177,	0.0929939526718
0.883000016212,	0.121719993651,	0.919329104864,	0.0968063168538
0.881000041962,	0.121444292367,	0.955174541794,	0.118452472061
0.877000033855,	0.120892897248,	0.897945849523,	0.0725677699136
0.875000059605,	0.120617203414,	0.806479055254,	0.140129519181
0.880000054836,	0.121306441724,	0.791950207783,	0.10165211066
0.883000016212,	0.121719993651,	0.802468972506,	0.11160905392
0.882000029087,	0.121582143009,	0.938957383977,	0.137666716246
0.882000029087,	0.121582143009,	1.08287968464,	0.184424929214
0.880000054836,	0.121306441724,	0.804321388817,	0.143234201392
0.881000041962,	0.121444292367,	0.901398630123,	0.213311313935
0.878000020981,	0.121030755341,	0.862089484348,	0.129654778332
0.880000054836,	0.121306441724,	1.01576161581,	0.110837264073
0.881000041962,	0.121444292367,	0.73282007157,	0.100467464092
0.882000029087,	0.121582143009,	0.827215869185,	0.152873284276
0.882000029087,	0.121582143009,	0.794884906901,	0.205676853653
0.881000041962,	0.121444292367,	0.854190075082,	0.0211943142829
0.883000016212,	0.109179675579,	0.825063034959,	0.124340994711
0.913000047207,	0.120868369937,	0.935496555671,	0.126201535314
0.927000045776,	0.135886982083,	0.930040589008,	0.0518247637648
0.930000066757,	0.139374703169,	0.980806747445,	0.0717059024593
0.933000028133,	0.138805031776,	1.06512218354,	0.0250010996605
0.968000054359,	0.147184565663,	0.986102355423,	0.171000404579
1.02500009537,	0.155851438642,	0.904787777128,	0.210714144083
1.02799999714,	0.156307592988,	1.05908580347,	0.116984043491
0.999000072479,	0.15298949182,	0.979778474111,	0.242200313216
0.957000017166,	0.145512014627,	1.05602186917,	0.161783450481
0.957000017166,	0.139239132404,	0.934617252802,	0.136183628528
0.983000040054,	0.136578693986,	1.12833847492,	0.0558741323608
1.04200005531,	0.0912741944194,	1.12844113047,	0.108165688355
1.04200005531,	0.0912741944194,	1.0483666016,	-0.00753424260428
1.04200005531,	0.0912741944194,	1.25220794247,	0.0197827458223
1.04200005531,	0.0912741944194,	1.06118641455,	0.114985747262
0.764000058174,	0.0669227316976,	0.777730816793,	0.147954870174
0.764000058174,	0.0669227316976,	0.839151279385,	0.0664537842673
0.714000046253,	0.0797032862902,	0.763122164301,	0.0901323460881
0.913000047207,	0.122863195837,	0.938548466967,	0.16298846693
1.12200009823,	0.176728978753,	1.10124332299,	0.169912369677
1.21300005913,	0.192387774587,	1.19614831716,	0.0377178497306
1.49800002575,	0.249045684934,	1.29831309773,	0.294750401372
1.77300012112,	0.314134269953,	1.78332538168,	0.258508950767
1.91400003433,	0.345389068127,	1.85496952241,	0.293614600637
2.05900001526,	0.378303050995,	2.13014776783,	0.335844390276
2.04700016975,	0.37386199832,	1.92380240572,	0.329408193888
1.76800012589,	0.319042801857,	1.70751893806,	0.376033633719
1.60100007057,	0.283659905195,	1.6278838627,	0.292512835965
1.19100010395,	0.192801818252,	1.27296107704,	0.150557294224
0.746000051498,	0.097944945097,	0.714644351783,	0.0849208134544
0.530000030994,	0.052794482559,	0.394707012214,	0.136458910761
0.467000007629,	0.037845890969,	0.479085527475,	0.123475728627
0.701000034809,	0.0882076770067,	0.61431216138,	0.133737975803
1.04600000381,	0.159044489264,	1.04157903114,	0.112401226082
1.45000004768,	0.245817765594,	1.46347060146,	0.177559474831
1.83100008965,	0.330411434174,	1.72245090426,	0.307357712277
2.02800011635,	0.370391875505,	1.78164873656,	0.35257965873
1.75500011444,	0.31669691205,	1.48163241292,	0.314645725237
1.45000004768,	0.250569969416,	1.41343831792,	0.150723749164
1.12000000477,	0.167849093676,	0.981340780142,	0.213064029035
1.01100003719,	0.145991414785,	1.14334398031,	0.115732000512
1.31700003147,	0.216076523066,	1.35655480675,	0.269145877111
1.79200005531,	0.329246759415,	1.24791809982,	0.280482445228
1.04200005531,	0.161851301789,	1.05541904177,	0.211141313767
1.04200005531,	0.161851301789,	1.09424825218,	0.115041115318
1.31700003147,	0.220392823219,	1.21565427145,	0.262529822418
1.33000004292,	0.22402125597,	1.29433718302,	0.248691856672
1.34800004959,	0.228525772691,	1.13895036759,	0.157921752258
1.33000004292,	0.225474223495,	1.50036881647,	0.250145746665
1.31900000572,	0.223609402776,	1.25539045699,	0.298664519907
1.33000004292,	0.22692720592,	1.22159176686,	0.192087775706
1.33800005913,	0.226830467582,	1.2536326294,	0.302913091696
1.32400012016,	0.22445705533,	1.30896544244,	0.206801578937
1.33200001717,	0.225813299417,	1.49371967707,	0.195823659702
1.3220000267,	0.224117994308,	1.29867466117,	0.226519482946
1.33000004292,	0.225474223495,	1.52347416042,	0.165321767256
1.32700002193,	0.224965646863,	1.14455350326,	0.263685591592
1.33000004292,	0.225474223495,	1.24401060242,	0.176771133139
1.33500003815,	0.226321876049,	1.38076727858,	0.247470832284
1.33000004292,	0.225474223495,	1.37887598035,	0.196655788048
1.33200001717,	0.225813299417,	1.20457036659,	0.282665171844
1.33200001717,	0.225813299417,	1.33950352814,	0.156059191014
1.33800005913,	0.226830467582,	1.21410412563,	0.270089484669
1.33500003815,	0.226321876049,	1.23504493149,	0.164275104205
1.33500003815,	0.226321876049,	1.34888175727,	0.199621242178
1.33500003815,	0.226321876049,	0.981347714925,	0.239698153064
1.33500003815,	0.226321876049,	1.41598889503,	0.221390635012
1.33800005913,	0.226830467582,	1.27374604701,	0.267625264863
1.33800005913,	0.226830467582,	0.192776176097,	0.214994491575
1.34600007534,	0.228186696768,	1.72746193654,	0.207692748586
1.33800005913,	0.226830467582,	1.29406425813,	0.269117214292
1.33500003815,	0.226321876049,	1.43117256061,	0.154894046389
1.33800005913,	0.226830467582,	1.60769101836,	0.20119276105
