0,	0,	0.0,	0.0
1.34000003338,	0.227169543505,	1.40722557778,	0.292157194269
1.34300005436,	0.229145273566,	1.14836574706,	0.146038198893
1.34000003338,	0.227169543505,	1.35777092802,	0.2291057449
1.33500003815,	0.2277803123,	1.24029459717,	0.285459498113
1.33500003815,	0.2277803123,	1.31847740723,	0.241679306314
1.33500003815,	0.2277803123,	1.21370830189,	0.147090487474
1.33800005913,	0.226830467582,	1.32991706241,	0.276341519016
1.33800005913,	0.226830467582,	1.32934040369,	0.261166006613
1.32700002193,	0.226415336132,	1.48678821023,	0.205744115515
1.34300005436,	0.229145273566,	1.5540631849,	0.11890699548
0.736000061035,	0.128793954849,	0.672877825195,	0.152307091576
1.33800005913,	0.226830467582,	1.58478550856,	0.254589008885
1.33800005913,	0.226830467582,	1.30593709087,	0.193577975189
1.33800005913,	0.226830467582,	1.32922508729,	0.273031800974
1.32700002193,	0.223515942693,	1.26634117785,	0.181651307079
1.30700004101,	0.217291533947,	1.07998422746,	0.182799094638
0.950000047684,	0.140296339989,	0.991199341535,	0.182247048737
0.584000051022,	0.0645534917712,	0.543539325056,	0.0451754818729
0.572000026703,	0.0594777353108,	0.570352824911,	0.0160771403596
0.929000020027,	0.135165259242,	0.84012927847,	0.0967596480384
1.42200005054,	0.242624431849,	1.30352882834,	0.223067039987
1.89700007439,	0.34024900198,	1.77418252273,	0.356644697314
1.90300011635,	0.343404084444,	1.83871715045,	0.334954747241
1.46800005436,	0.253680497408,	1.44173041417,	0.235539933097
0.961000025272,	0.149269774556,	1.04400005205,	0.175090988149
0.924000024796,	0.134437784553,	0.858302233745,	0.0494170115509
0.895000040531,	0.12924066186,	0.935962176863,	0.0336527889661
0.837000012398,	0.113550201058,	0.778203324719,	0.0135182952591
0.766000032425,	0.0947130545974,	0.83457035998,	0.119736249295
0.627000033855,	0.0583470389247,	0.595350068843,	0.0918601929891
0.843000054359,	0.0802893415093,	0.830589856926,	0.11512766526
0.894000053406,	0.116399720311,	0.911253877659,	0.084869920199
1.15100002289,	0.167465254664,	1.26794298372,	0.201085623391
0.881000041962,	0.115669563413,	0.787898718302,	0.0572567148161
0.650000035763,	0.0398945398629,	0.654431025988,	0.0712298278628
0.699000060558,	0.0803197324276,	0.812230694439,	0.145569929048
0.851000010967,	0.116379164159,	0.772461927788,	0.134650030968
0.438000023365,	0.0321462415159,	0.443487630353,	0.0358931789878
0.723000049591,	0.0886064246297,	0.594463706259,	0.139526798797
0.803000032902,	0.108060397208,	1.00456647359,	0.0972291761193
1.17100000381,	0.184447094798,	1.30632646727,	0.162887202974
0.747000038624,	0.0890995115042,	0.85037974444,	0.129312072703
0.81200003624,	0.103062011302,	0.918376148369,	0.081780984806
0.630000054836,	0.0655086934566,	0.6437250448,	0.123532670886
0.842000067234,	0.110549122095,	0.836808944067,	0.116276031437
0.917000055313,	0.127408608794,	0.939732935876,	0.109380641133
0.886000037193,	0.122133538127,	0.886740292821,	0.0510871066054
0.875000059605,	0.117749504745,	0.896161199078,	0.191719031907
0.996000051498,	0.146001532674,	0.96977946042,	0.151447680898
1.03800010681,	0.15329220891,	1.00050900768,	0.201148354625
0.97100007534,	0.142336845398,	0.910551375728,	0.122659975161
0.972000062466,	0.142483428121,	1.0414746641,	0.171361081114
0.965000033379,	0.14145731926,	0.874263514744,	0.077863486907
0.965000033379,	0.14145731926,	0.800350540688,	0.0677568581593
0.651000022888,	0.123165115714,	0.556358012358,	0.0977451918024
0.972000062466,	0.142483428121,	1.05517806189,	0.0584009187342
0.969000041485,	0.142043665051,	1.15276643089,	0.145971690646
0.968000054359,	0.141897082329,	1.14582684184,	0.260455891922
