0,	0,	0.0,	0.0
1.10000002384,	0.149229645729,	1.00761081278,	0.167194985318
1.09800004959,	0.148958325386,	1.02747790438,	0.0462656093765
1.10000002384,	0.150431349874,	0.989542891559,	0.228471876428
1.10000002384,	0.150431349874,	0.977759671721,	0.264601156216
1.10000002384,	0.150431349874,	1.25634214825,	0.142711914998
1.10000002384,	0.150431349874,	1.0551043699,	0.0548731686506
1.10000002384,	0.150431349874,	1.30866704448,	0.13222371302
1.09800004959,	0.15015783906,	1.01117223435,	0.145725857572
1.09800004959,	0.148958325386,	1.29411109424,	0.179950236341
0.919000029564,	0.101583324373,	0.947480066161,	0.137670807358
0.756000041962,	0.0670478641987,	0.855008387384,	0.0279812962444
0.754000008106,	0.0652230605483,	0.627393831787,	0.0617836382412
0.797000050545,	0.0828737020493,	0.739800536399,	-0.0296109788966
0.806000053883,	0.0873316153884,	0.772885575048,	0.105306332066
0.883000016212,	0.101462550461,	0.837697289246,	0.103587625041
0.87600004673,	0.0997012108564,	0.955468214136,	0.0432564130599
0.894000053406,	0.0968665853143,	0.97261621905,	0.171476136716
1.45900011063,	0.209090054035,	1.47138132322,	0.159232052145
1.61200010777,	0.246865928173,	1.78551782806,	0.298163646899
1.73600006104,	0.271545141935,	1.72919589409,	0.367922716407
1.20200002193,	0.164380446076,	1.14622621527,	0.157368431456
0.698000013828,	0.066479191184,	0.662036250813,	0.052317868868
0.554000020027,	0.0491329617798,	0.503314853734,	0.0522667835534
0.70300000906,	0.0562034398317,	0.676173960756,	0.0352378829985
0.975000023842,	0.113099113107,	0.995900710544,	0.123478048479
1.17500007153,	0.140149846673,	1.30891948629,	0.101526202205
1.36500000954,	0.191145241261,	1.35213840564,	0.179014156505
1.79700005054,	0.28108677268,	2.21218003885,	0.29384501173
1.55600011349,	0.228090763092,	2.2917539718,	0.319484173962
0.878000020981,	0.106643088162,	0.951584913271,	0.17437369029
0.51700001955,	0.0317315012217,	0.547591171878,	0.0200796482285
0.604000031948,	0.0456492118537,	0.67426723416,	-0.0122786943365
1.27500009537,	0.18689955771,	1.17614125517,	0.133222816363
1.61200010777,	0.246865928173,	1.67416432384,	0.193667302058
1.60400009155,	0.257906913757,	1.88169024564,	0.23282723716
1.62000012398,	0.260479539633,	1.59731221784,	0.299396536089
1.61200010777,	0.2539100945,	1.81862252543,	0.268472946094
1.86100006104,	0.309395194054,	2.02989475402,	0.331411678217
1.9580000639,	0.329799711704,	1.8261335906,	0.365890300529
1.93500006199,	0.332267403603,	1.85279990506,	0.245408705586
1.96400010586,	0.345829457045,	2.1468788745,	0.34041020889
2.1930000782,	0.393340051174,	2.18726971241,	0.36650664937
2.24400019646,	0.400035977364,	2.24597826813,	0.381987986253
2.0720000267,	0.349001556635,	2.21990253987,	0.400265774671
1.79700005054,	0.300718218088,	1.83821980591,	0.318009548815
1.64800012112,	0.279384613037,	1.46057251511,	0.291543536413
1.49100005627,	0.242995351553,	1.37220445062,	0.191246305101
0.996000051498,	0.141649186611,	0.905354502517,	0.177719216946
0.772000014782,	0.0912380516529,	0.794722964038,	0.107405641819
0.336000025272,	-0.00286979554221,	0.308813699339,	-0.0139952366237
0.261000007391,	-0.0170560479164,	0.267517276464,	-0.0209566203733
0.423000007868,	0.00331877474673,	0.459905765801,	-0.017480934089
0.700000047684,	0.0460222288966,	0.685136867532,	0.0593812814327
1.04200005531,	0.109487645328,	1.06687219021,	0.102378845826
1.16500008106,	0.163138628006,	1.26095493734,	0.167412574832
1.16100001335,	0.162578493357,	1.22538866971,	0.138941046696
1.1590000391,	0.162298426032,	1.16498643838,	0.065977541641
1.16500008106,	0.161865919828,	1.25321519444,	0.147241082864
1.16500008106,	0.161865919828,	0.987957168772,	0.0665938221722
1.16500008106,	0.161865919828,	1.07361119218,	0.169518626015
