0,	0,	0.0,	0.0
0.867000043392,	0.11856726557,	0.84916495615,	0.120647784845
0.870000064373,	0.11897752434,	0.944324739383,	0.0860311782853
0.868000030518,	0.118704013526,	0.718995232381,	0.0298620628201
0.870000064373,	0.11897752434,	0.809537454087,	0.0701164229364
0.869000017643,	0.118840768933,	0.776503806866,	0.116004209215
0.868000030518,	0.118704013526,	0.911145088804,	0.126693406301
0.867000043392,	0.11856726557,	1.02419366336,	0.158233507671
0.870000064373,	0.11897752434,	0.797475805583,	0.142206462078
0.867000043392,	0.11856726557,	0.953307167402,	0.0654656408844
0.869000017643,	0.118840768933,	0.891136229944,	0.082055072942
0.872000038624,	0.119251035154,	0.816265678651,	0.091783165455
0.864000022411,	0.118156991899,	1.01204287162,	0.219253073973
0.866000056267,	0.118430502713,	0.801909628558,	0.0289261957594
0.867000043392,	0.11856726557,	0.930794287286,	0.122146139958
0.867000043392,	0.11856726557,	0.805988049946,	0.138934715647
0.866000056267,	0.118430502713,	0.650917076844,	0.137339464276
0.870000064373,	0.11897752434,	0.762803309785,	0.200725682453
0.866000056267,	0.118430502713,	0.955449442609,	0.128707606542
0.870000064373,	0.11897752434,	1.00603795709,	0.0583466856844
0.867000043392,	0.11856726557,	0.842134239874,	0.0755863044593
0.866000056267,	0.118430502713,	0.923804662185,	0.0941755516059
0.868000030518,	0.118704013526,	0.932930984678,	0.195670709936
0.874000012875,	0.119524553418,	0.956061569161,	0.141742950952
0.869000017643,	0.118840768933,	0.867504950207,	0.119616313234
0.872000038624,	0.119251035154,	0.765824274213,	0.0874640810928
0.867000043392,	0.11856726557,	0.939412587357,	0.13718534083
0.866000056267,	0.118430502713,	0.975469205679,	0.123991441979
0.870000064373,	0.11897752434,	0.922274454736,	0.192637375893
0.866000056267,	0.118430502713,	0.894338989297,	0.181545587199
0.867000043392,	0.11856726557,	0.979791864542,	0.0706101185681
0.867000043392,	0.11856726557,	0.791130360807,	0.160397370431
0.872000038624,	0.119251035154,	0.826154898692,	0.133431896309
0.869000017643,	0.118840768933,	0.799747132294,	0.217665617804
0.867000043392,	0.11856726557,	0.960838656916,	0.215226773997
0.869000017643,	0.118840768933,	0.836513836906,	0.132612557661
0.867000043392,	0.11856726557,	0.613327523998,	0.0542998378992
0.867000043392,	0.11856726557,	0.888087057734,	0.112987292679
0.867000043392,	0.11856726557,	1.06087267026,	0.128390858685
0.870000064373,	0.11897752434,	0.673966659035,	0.181385749115
0.868000030518,	0.118704013526,	1.05116124897,	0.0198312817139
0.867000043392,	0.11856726557,	0.941832807405,	0.10081763184
0.870000064373,	0.11897752434,	0.865133838874,	0.127692798542
0.872000038624,	0.119251035154,	0.789225356144,	0.0712201370758
0.866000056267,	0.118430502713,	0.686931680313,	0.0960741782819
0.868000030518,	0.118704013526,	1.05173054236,	0.0819282747666
0.868000030518,	0.118704013526,	1.00945344391,	0.100628446903
0.868000030518,	0.118704013526,	0.931760031562,	0.142494735545
0.867000043392,	0.11856726557,	0.802678870566,	0.116357089592
0.869000017643,	0.118840768933,	1.00555729195,	0.150291152649
0.867000043392,	0.11856726557,	0.771603394658,	0.123587572867
0.869000017643,	0.118840768933,	0.796109777943,	0.151069234851
0.869000017643,	0.118840768933,	0.97093826375,	0.131710685565
0.869000017643,	0.118840768933,	0.764960872788,	0.112473405158
0.869000017643,	0.118840768933,	1.07553808992,	0.0628322235849
0.867000043392,	0.11856726557,	0.692243133818,	0.108410581445
0.872000038624,	0.119251035154,	0.724592021225,	0.14403249924
0.867000043392,	0.11856726557,	0.904495446429,	0.0857045211934
0.870000064373,	0.11897752434,	0.781208681367,	0.140651276848
0.870000064373,	0.11897752434,	0.712744150353,	0.0854676440097
0.866000056267,	0.118430502713,	0.643277175708,	0.209130715204
0.867000043392,	0.11856726557,	0.889722400046,	0.132310430355
0.866000056267,	0.118430502713,	0.808051471461,	0.2508627756
0.866000056267,	0.118430502713,	0.863339131673,	0.056969960942
0.865000069141,	0.118293747306,	0.782500500525,	0.138922199065
0.867000043392,	0.11856726557,	0.968804474243,	0.125413735813
0.869000017643,	0.118840768933,	0.795523995461,	0.177759832424
0.870000064373,	0.11897752434,	0.819214584754,	0.0627219820025
0.867000043392,	0.11856726557,	0.891863139579,	0.114909606481
0.867000043392,	0.11856726557,	0.97782567689,	0.171890191867
0.868000030518,	0.118704013526,	0.876766688622,	0.187366340709
0.868000030518,	0.118704013526,	0.77251382692,	0.0735412618305
0.868000030518,	0.118704013526,	0.971223612013,	0.0577985326533
0.869000017643,	0.118840768933,	0.967733070853,	0.183669197111
0.867000043392,	0.11856726557,	0.777792355874,	0.083393307895
0.869000017643,	0.118840768933,	1.07981922356,	0.12757924564
0.867000043392,	0.11856726557,	0.770858120198,	0.169143553055
0.866000056267,	0.118430502713,	0.850371608538,	0.055491119015
0.864000022411,	0.118156991899,	0.863068160486,	0.130975768609
0.869000017643,	0.118840768933,	-0.044265654758,	-2.58246698999
0.870000064373,	0.11897752434,	0.885840772857,	0.0294658197949
0.868000030518,	0.118704013526,	0.676620145955,	0.157466118009
0.870000064373,	0.11897752434,	0.798101946828,	0.19655149735
0.866000056267,	0.118430502713,	1.0064194124,	0.152952161054
0.870000064373,	0.11897752434,	0.808531787851,	0.18190454934
0.867000043392,	0.11856726557,	0.906782048104,	0.164581522879
0.869000017643,	0.118840768933,	0.744304021443,	0.125017688439
0.870000064373,	0.11897752434,	0.933111058374,	0.115505792189
0.870000064373,	0.11897752434,	0.959613129983,	0.161709287983
0.870000064373,	0.11897752434,	0.950594103285,	0.0792944064597
0.869000017643,	0.118840768933,	0.980051279118,	0.19006078967
0.870000064373,	0.11897752434,	0.892522630641,	0.163065796956
0.865000069141,	0.118293747306,	0.920928031451,	0.166896599768
0.865000069141,	0.118293747306,	1.0119144814,	0.110449391892
0.865000069141,	0.118293747306,	0.785126855858,	0.117997244857
0.868000030518,	0.118704013526,	0.742719274038,	0.104542229668
0.870000064373,	0.11897752434,	0.887290438475,	0.0667270335258
0.866000056267,	0.118430502713,	0.854472159937,	0.170448016192
0.870000064373,	0.11897752434,	0.832225246464,	0.0935571229637
0.868000030518,	0.118704013526,	1.01258206264,	0.159187725062
0.869000017643,	0.118840768933,	0.819816942429,	0.159095899592
0.864000022411,	0.118156991899,	0.759885764164,	0.0321298997122
0.869000017643,	0.118840768933,	0.946657691229,	0.089030218312
0.869000017643,	0.118840768933,	0.922047584977,	0.146584121235
0.867000043392,	0.11856726557,	0.783885729755,	0.0799848909344
0.868000030518,	0.118704013526,	0.901490561075,	0.190991955884
0.867000043392,	0.11856726557,	0.8529252832,	0.0723273691919
0.868000030518,	0.118704013526,	0.747227231442,	0.127482623045
0.869000017643,	0.118840768933,	0.917626870844,	0.0884035372444
0.867000043392,	0.11856726557,	0.884076640839,	0.146882384522
0.866000056267,	0.118430502713,	0.931624081106,	0.0147176172737
