0,	0,	0.0,	0.0
1.16700005531,	0.163418695331,	1.11246900174,	0.124947065493
1.16700005531,	0.163418695331,	1.00404958264,	0.163680329206
1.16500008106,	0.163138628006,	1.21284057472,	0.179691639196
1.16500008106,	0.163138628006,	1.32072350848,	0.153561843231
1.16700005531,	0.163418695331,	1.02575257498,	0.24928129316
1.16300010681,	0.16285854578,	1.32908272398,	0.104557058553
1.16700005531,	0.163418695331,	1.3525785102,	0.167723852372
1.17100000381,	0.163978815079,	1.30797199898,	0.15085553295
1.16500008106,	0.164411336184,	1.23290266201,	0.190362786502
1.16900002956,	0.164975836873,	1.15278638856,	0.18136920288
1.16500008106,	0.163138628006,	1.09440561983,	0.132158447331
1.16500008106,	0.163138628006,	1.03683030387,	0.148919316766
1.17100000381,	0.163978815079,	1.26200870548,	0.0942168626498
1.16900002956,	0.163698747754,	1.31239413936,	0.165721322083
1.16300010681,	0.16285854578,	1.11671113954,	0.115813609834
1.16100001335,	0.162578493357,	1.18016211959,	0.150593622751
1.16500008106,	0.163138628006,	1.0594644032,	0.303890848677
1.16300010681,	0.16285854578,	1.22630808977,	0.164476167521
1.1590000391,	0.162298426032,	1.25434772872,	0.199946243723
1.16500008106,	0.163138628006,	1.26183635969,	0.179682916832
1.1590000391,	0.162298426032,	1.02244022823,	0.122452271739
1.16300010681,	0.16285854578,	1.13277280213,	0.145642724085
1.1590000391,	0.162298426032,	1.25890270722,	0.218366165524
1.16900002956,	0.164975836873,	1.27566970398,	0.167893870636
1.16100001335,	0.163846835494,	1.05237515528,	0.0993188332653
1.16300010681,	0.164129078388,	1.36194899477,	0.144053915899
1.16100001335,	0.163846835494,	1.09516185352,	0.111132498597
1.16100001335,	0.163846835494,	1.28990546561,	0.213793162837
1.1590000391,	0.162298426032,	1.08513207803,	0.0522837874337
5.77300024033,	1.70397078991,	5.72171305653,	1.67598122618
1.1590000391,	0.162298426032,	1.32471393233,	0.144935541647
1.16300010681,	0.16285854578,	1.0085908299,	0.111857787975
1.16300010681,	0.156505912542,	1.3232225307,	0.157786798729
1.07600009441,	0.133043408394,	1.05119107826,	0.106324712381
0.745000064373,	0.0668861791492,	0.706656036686,	0.0560809685811
0.688000023365,	0.0504945553839,	0.728427980504,	0.0982825695478
0.70400005579,	0.050899758935,	0.631416715072,	0.074685370853
0.724000036716,	0.0555095262825,	0.799975608264,	0.0518496014329
0.932000041008,	0.100983954966,	0.809752296792,	0.202673331503
1.2990000248,	0.162035644054,	1.37797912701,	0.191556139454
1.51100003719,	0.203336566687,	1.50544172928,	0.138372583172
1.51800012589,	0.21257032454,	1.32585524838,	0.233263743388
1.50400006771,	0.213895976543,	1.40448680735,	0.202036943038
1.31400001049,	0.178261607885,	1.38623778375,	0.175453622202
0.910000026226,	0.108541578054,	1.02279127033,	0.102808619539
0.73400002718,	0.0731153786182,	0.811972767693,	-0.0455974428086
0.672000050545,	0.0610663630068,	0.676413189026,	0.0611551290989
0.638000011444,	0.0517038069665,	0.603937623391,	0.0372280986887
0.622000038624,	0.0497276484966,	0.515467305166,	0.143305412766
0.614000022411,	0.0457342229784,	0.727893636402,	0.0386360293074
0.762000024319,	0.0717422515154,	0.698546395925,	0.19075647646
0.823000013828,	0.0864763259888,	0.878341278131,	0.0523750172719
0.844000041485,	0.0877608507872,	0.90878816025,	0.0766094376315
1.11800003052,	0.1370151788,	1.14361234955,	0.104690297671
1.32400012016,	0.179618224502,	1.24474556715,	0.217415499783
1.48500001431,	0.211193829775,	1.54632941126,	0.238706742612
1.61600005627,	0.236886039376,	1.72933020664,	0.343704301594
1.65200006962,	0.243967950344,	1.55270860596,	0.201758334107
1.31400001049,	0.182568073273,	1.35480121789,	0.267064809934
1.15700006485,	0.149378612638,	1.20471485653,	0.150505330917
0.989000022411,	0.115803539753,	1.06206629619,	0.186543157998
0.81400001049,	0.0828628689051,	0.750588788856,	-0.0211645372202
0.809000015259,	0.0823538824916,	3.89771629275,	0.0457824060051
0.663000047207,	0.0530055165291,	0.603493256046,	-0.0167503556099
0.518000006676,	0.0368859171867,	0.577245930045,	0.0585156249945
0.560000002384,	0.0404884442687,	0.693691753995,	-0.0864407042669
0.558000028133,	0.0397342517972,	0.533409943931,	0.0389198697694
0.544000029564,	0.0434917062521,	0.757967642531,	0.0863952500151
0.733000040054,	0.0746173113585,	0.73429254275,	0.0357973669994
1.06900000572,	0.140352740884,	1.11150794675,	0.131902107283
1.37600004673,	0.201704934239,	1.39504177861,	0.336865811924
1.52800011635,	0.230663403869,	1.47281710346,	0.23576454865
1.5150001049,	0.227045878768,	1.10556184812,	0.241920642238
1.51100003719,	0.228097125888,	1.39405470837,	0.264918354965
1.75900006294,	0.277064442635,	1.80801977756,	0.358635371028
1.73200011253,	0.265243053436,	2.00687424257,	0.339314607626
1.44600009918,	0.207227021456,	1.57161532869,	0.288622073755
1.19800007343,	0.161215886474,	1.13547316969,	0.137058874685
0.917000055313,	0.111380077899,	0.913781881847,	0.0909299667665
0.616000056267,	0.0485750101507,	0.496360149154,	-0.100496701392
0.678000032902,	0.0527233630419,	0.81065187283,	0.0551131819036
0.707000017166,	0.0735153183341,	0.761404149254,	0.125111555409
0.741000056267,	0.0859553292394,	0.770245828185,	0.136247246681
0.741000056267,	0.0859553292394,	0.83316090186,	0.058518103736
0.741000056267,	0.0859553292394,	0.692951542299,	0.10400350314
0.742000043392,	0.0860713198781,	0.724960792513,	0.123203052551
0.740000009537,	0.0858393236995,	0.678265232715,	0.0289300753683
0.741000056267,	0.0859553292394,	0.710187077153,	0.0907966618266
0.742000043392,	0.0860713198781,	0.552307282829,	0.127123943549
0.742000043392,	0.0860713198781,	0.676424196084,	0.0973629870572
0.744000017643,	0.0863033235073,	0.772436780969,	0.0389271342546
0.741000056267,	0.0859553292394,	0.795657309548,	0.0713531005476
0.744000017643,	0.0863033235073,	0.751925930064,	0.0399821130016
0.742000043392,	0.0860713198781,	0.915762660476,	0.0263619022478
0.743000030518,	0.0861873179674,	0.726367396658,	0.0645600180379
0.741000056267,	0.0827172845602,	0.813152992414,	0.196509855368
0.713000059128,	0.0593396835029,	0.782477680813,	0.0176262024767
0.68900001049,	0.043793618679,	0.813852204483,	0.0328924088696
0.527999997139,	0.0220239255577,	0.558806542061,	-0.0838840509278
0.48400002718,	0.028648590669,	0.527299914557,	0.0851393483368
0.909000039101,	0.103457085788,	0.976246176255,	0.172444549796
1.05500006676,	0.124684117734,	1.05930610489,	0.100714566351
1.05500006676,	0.120073951781,	1.16461830583,	0.0584621752147
1.06000006199,	0.147277131677,	0.979629748305,	0.0856794851408
1.0490000248,	0.145748794079,	0.907408610559,	0.154164210381
1.05700004101,	0.146860316396,	1.0870144881,	0.108864794856
1.05700004101,	0.146860316396,	1.06201424867,	0.194532303222
1.05200004578,	0.14616560936,	0.986400026,	0.112557477481
1.05400002003,	0.146443486214,	0.928227465193,	0.127297420503
1.0490000248,	0.145748794079,	0.936552243505,	0.171953175752
1.05400002003,	0.146443486214,	1.16717483722,	0.134861042909
1.06200003624,	0.139433681965,	0.964732922074,	0.163622992676
1.12999999523,	0.142189264297,	1.11135419818,	0.139342394467
0.909000039101,	0.0984918624163,	0.79588452289,	0.269818239049
0.778000056744,	0.06389939785,	0.853742795333,	0.186471396012
0.8900000453,	0.0896271690726,	1.09920821874,	0.0617219508121
1.36200010777,	0.180309668183,	1.47814791791,	0.236561649921
1.49400007725,	0.207577392459,	1.39342724273,	0.245355140987
1.47200012207,	0.199696406722,	1.42630148506,	0.273616297394
1.1060000658,	0.142794087529,	1.32366121652,	0.130522216984
0.854000031948,	0.0971973016858,	0.965673891625,	0.108789697638
0.750000059605,	0.0755285099149,	0.676286407665,	0.0567188275522
0.744000017643,	0.0741114988923,	0.841217506276,	0.100260020918
0.736000061035,	0.072510547936,	0.600077819282,	0.0994102587383
0.73400002718,	0.0715116485953,	0.857774299028,	0.0332647299653
0.737000048161,	0.0718039274216,	0.77022096545,	0.00548287639602
0.736000061035,	0.0717064961791,	0.767875365525,	0.0584031886235
0.737000048161,	0.0718039274216,	0.737733397271,	0.15463155893
0.736000061035,	0.0717064961791,	0.558700704176,	0.0602701478471
0.73400002718,	0.0715116485953,	0.729078336305,	0.0656751796275
0.735000014305,	0.0716090723872,	0.775393091793,	0.0321677481822
0.73400002718,	0.0715116485953,	0.68735696964,	0.056280425049
0.737000048161,	0.0718039274216,	0.775966630113,	0.0598105756606
0.735000014305,	0.0716090723872,	0.703718284712,	0.0447740647755
0.737000048161,	0.0718039274216,	0.906194608409,	0.0405105719614
0.735000014305,	0.0716090723872,	0.756048154655,	0.0919542091879
0.73400002718,	0.0715116485953,	0.56664177626,	0.0903286094658
0.733000040054,	0.0714142173529,	0.711919587619,	0.117721376764
0.730000019073,	0.0711219385266,	0.723441012864,	0.0973659234432
0.736000061035,	0.0717064961791,	0.850420536228,	0.0687426955517
0.735000014305,	0.0716090723872,	0.791355385351,	0.0160456560149
0.735000014305,	0.0716090723872,	0.93203667275,	0.0249596066991
0.725000023842,	0.0666746422648,	0.739693188158,	0.0383384824403
0.70300000906,	0.0600434280932,	0.660058404388,	0.032941190484
0.708000004292,	0.0612439401448,	0.796586692904,	-0.0181812598519
0.710000038147,	0.0606412999332,	0.686141410313,	0.0814187201932
0.709000051022,	0.0605558864772,	0.578198813723,	0.0318776872215
0.707000017166,	0.0603850670159,	0.748195712092,	0.0905167507227
0.706000030041,	0.0602996572852,	0.791122028469,	0.114028077007
0.700000047684,	0.0582577548921,	0.62758790335,	0.0589964548404
0.702000021935,	0.0591911077499,	0.610022875051,	-0.0450319733762
0.701000034809,	0.0591067932546,	0.689433755527,	0.0126241128841
0.700000047684,	0.0582577548921,	0.605166791286,	0.124196086927
0.701000034809,	0.0583409816027,	0.829288844093,	-0.0128566365218
0.701000034809,	0.0583409816027,	0.703497566695,	0.0483908142623
0.955000042915,	0.104519344866,	0.856693415492,	0.115585463518
0.976000070572,	0.114281348884,	1.31961883024,	0.126733736658
0.975000023842,	0.114164255559,	0.945518301546,	0.0151800360733
0.97100007534,	0.114756666124,	0.958250653349,	0.0619835505248
0.980000019073,	0.114749714732,	1.10721181704,	0.0415945591727
0.980000019073,	0.114749714732,	1.01348372063,	0.0783550278103
0.980000019073,	0.114749714732,	0.891437341831,	0.0686043451179
