0,	0,	0.0,	0.0
0.878000020981,	0.11911239475,	1.03938796465,	0.103923618677
0.883000016212,	0.114967510104,	0.814155708897,	0.114732826133
0.878000020981,	0.11911239475,	1.03602048967,	0.0447057583877
0.878000020981,	0.120071575046,	0.901865926091,	0.123456952082
0.880000054836,	0.114576905966,	0.973527666586,	0.197498065978
0.877000033855,	0.119934812188,	0.851388905099,	0.126098556063
0.877000033855,	0.119934812188,	0.872392282446,	0.0634408945744
0.877000033855,	0.119934812188,	0.910595167231,	0.122885296963
0.882000029087,	0.114837311208,	0.782913556955,	0.0999592705519
0.891000032425,	0.116009116173,	0.79300383578,	0.207934602795
0.878000020981,	0.11911239475,	1.00527706291,	0.157535697428
0.877000033855,	0.119934812188,	0.914926045916,	0.0761995752428
0.878000020981,	0.11911239475,	0.99414394948,	0.0859541595147
1.07400000095,	0.153915509582,	1.07959350649,	0.241632194322
1.30900001526,	0.197603657842,	1.11721424596,	0.180689494567
1.48500001431,	0.238772913814,	1.44544411427,	0.19405174793
1.50400006771,	0.241827920079,	1.64925299222,	0.100343685593
1.64400005341,	0.27152249217,	1.3769989061,	0.225779891215
1.89200007915,	0.320749789476,	1.93085232736,	0.35274468825
1.95200014114,	0.337319016457,	1.84014920425,	0.430396222758
1.71400010586,	0.281211197376,	1.85922181864,	0.289976306621
1.29700005054,	0.190124496818,	1.09819661584,	0.293991345047
1.03600001335,	0.139415413141,	1.3998419523,	0.161344729845
1.03600001335,	0.139415413141,	1.03432633626,	0.139954315378
1.00999999046,	0.125986129045,	1.18648265311,	0.133432511006
0.986000061035,	0.11437509954,	0.99686331231,	0.137124668944
0.955000042915,	0.120168797672,	0.929731013062,	0.00606435765837
0.902000069618,	0.119412124157,	0.885925545258,	0.0656730734952
0.902000069618,	0.119412124157,	0.932430709846,	0.131199330386
0.807000041008,	0.102427400649,	0.829252121716,	0.151592515306
0.739000022411,	0.075228087604,	0.8783193837,	0.161398636716
1.16100001335,	0.147358372808,	1.05941583506,	0.167541511978
1.47500002384,	0.221051260829,	1.32050417098,	0.259836997776
1.72800004482,	0.270293772221,	1.76630749817,	0.309868738085
1.88700008392,	0.307533353567,	1.72623266925,	0.281332102644
1.41600000858,	0.213756144047,	1.53388160665,	0.194571091514
1.06000006199,	0.149593144655,	1.13436464121,	0.110064046559
0.852000057697,	0.112792827189,	0.716663078735,	0.105153066873
0.878000020981,	0.105683915317,	0.958403249039,	0.0102472322525
1.0490000248,	0.134288907051,	0.925256363496,	0.131945661863
1.3900001049,	0.197683110833,	1.45169040294,	0.239181665112
1.60400009155,	0.242136180401,	1.50566877898,	0.239387397178
1.31900000572,	0.187585622072,	1.33527260692,	0.221907426186
1.00800001621,	0.130141451955,	0.999532989939,	0.136355022788
1.10900008678,	0.148027554154,	1.22255198688,	0.096048851134
1.367000103,	0.194412097335,	1.26288084365,	0.174409478694
1.37900006771,	0.199131697416,	1.46313390549,	0.207378223147
1.367000103,	0.19590549171,	1.53052080816,	0.214868274468
1.36500000954,	0.195618852973,	1.48645431061,	0.161332466703
1.37900006771,	0.199131697416,	1.35115674724,	0.19042841508
1.37900006771,	0.197625204921,	1.37086301706,	0.205768132719
1.39300000668,	0.201153352857,	1.33186964384,	0.176997736272
1.38400006294,	0.199853733182,	1.53676690886,	0.231230479039
1.38400006294,	0.199853733182,	1.35796586937,	0.212002899536
1.37600004673,	0.198698490858,	1.29934219789,	0.14512596784
1.37000012398,	0.197832092643,	1.51674374188,	0.19066144423
1.3560000658,	0.195810437202,	1.25551860805,	0.213785462306
1.37300002575,	0.198265299201,	1.22226283075,	0.132858317915
1.367000103,	0.197398871183,	1.38042699275,	0.129810265084
1.37000012398,	0.196335420012,	1.44118333146,	0.253226945377
1.06400001049,	0.138533905149,	0.986636538233,	0.208934332127
1.32700002193,	0.185823976994,	1.06936942605,	0.125658794877
1.6930000782,	0.261120021343,	1.70465252648,	0.288116064693
1.78700006008,	0.283427000046,	1.74746204389,	0.230196194711
1.32400012016,	0.198421612382,	1.32120626943,	0.179765912413
1.18900001049,	0.172994077206,	1.15888645408,	0.18975219753
1.05700004101,	0.13300357759,	0.8538171787,	0.232913062094
1.4430000782,	0.203644245863,	1.4157564153,	0.245477078279
1.74500012398,	0.272952914238,	2.0918186794,	0.380304804294
1.79700005054,	0.298755079508,	1.65949998475,	0.325684713584
1.10000002384,	0.161246672273,	1.08194287155,	0.190782748478
0.67300003767,	0.0714503750205,	0.648982138275,	0.132419725621
0.801000058651,	0.0692886933684,	0.872860081634,	0.106001326858
0.81500005722,	0.0785129070282,	0.945292177856,	0.0378838876503
1.26000010967,	0.176441773772,	1.24454413278,	0.176594532419
1.57100009918,	0.24745208025,	1.81923556369,	0.221469192944
1.60400009155,	0.261411517859,	1.64710144762,	0.234954778085
1.60800004005,	0.262063413858,	1.84639846348,	0.199489868291
1.60100007057,	0.260922580957,	1.59851125905,	0.228354587433
1.61200010777,	0.262715309858,	1.5375596012,	0.397383533846
