
Ball xyz: [0, 0, 0, 0]
predictd: [ 0.  0.  0.  0.]
Ball xyz: [0.28200000524520874, -0.02733665145933628, 0.03918127343058586, 0.13805683753680509]
predictd: [ 0.05864517  0.00397303  0.07368168  0.13805684]
Ball xyz: [0.39100003242492676, -0.04559469223022461, 0.003922010771930218, 0.010030380860752329]
predictd: [-0.0424223  -0.00014164  0.01611955  0.01003038]
Ball xyz: [0.453000009059906, -0.05529993027448654, -0.002384449588134885, -0.0052636369079910308]
predictd: [ 0.04438642  0.01996409 -0.01439767 -0.00526364]
Ball xyz: [0.4690000116825104, -0.10799699276685715, -0.013740644790232182, -0.029289371016879857]
predictd: [-0.10697023 -0.00784438 -0.01014546 -0.02928937]
Ball xyz: [0.4620000123977661, -0.1472831517457962, -0.006469545420259237, -0.014002429475012335]
predictd: [ 0.09371775  0.00984334 -0.01404976 -0.01400243]
Ball xyz: [0.6370000243186951, -0.19054116308689117, -0.0033529677893966436, -0.0052636368849311339]
predictd: [-0.02872188  0.00954525  0.02165689 -0.00526364]
Ball xyz: [0.7490000128746033, -0.2355029433965683, -0.001487748813815415, -0.001986310856660341]
predictd: [-0.1111463   0.03125956  0.04880549 -0.00198631]
Ball xyz: [0.8030000329017639, -0.27354392409324646, 0.018581585958600044, 0.023136076763027057]
predictd: [ 0.05568449 -0.01590192 -0.04194305  0.02313608]
Ball xyz: [0.8170000314712524, -0.23902592062950134, 0.014442861080169678, 0.017676078700877361]
predictd: [ 0.08411213  0.01441957 -0.00159129  0.01767608]
Ball xyz: [0.9220000505447388, -0.015819383785128593, 0.048530906438827515, 0.05258802399017766]
predictd: [-0.04542528  0.01050827  0.08531008  0.05258802]
Ball xyz: [0.9100000262260437, 0.19124829769134521, 0.059828903526067734, 0.065651560837626244]
predictd: [ 0.02578891 -0.00204544 -0.0411334   0.06565156]
Ball xyz: [0.9010000228881836, 0.2917647957801819, 0.041519712656736374, 0.046049233623086848]
predictd: [ 0.18338249 -0.01836112  0.01065114  0.04604923]
Ball xyz: [0.8850000500679016, 0.3010917007923126, 0.043682876974344254, 0.049319153661848213]
predictd: [ 0.03190099 -0.00475354  0.04290595  0.04931915]
Ball xyz: [0.909000039100647, 0.291375070810318, 0.03195792809128761, 0.035142760698494944]
predictd: [ 0.03604606 -0.00694474  0.03928888  0.03514276]
Ball xyz: [0.8970000147819519, 0.3051742911338806, 0.03937551751732826, 0.043868734315868886]
predictd: [ 0.12442279 -0.01740871 -0.01632164  0.04386873]
Ball xyz: [0.8110000491142273, -0.013914881274104118, -0.032620303332805634, -0.040200649804885517]
predictd: [-0.11016967  0.00095472  0.05141345 -0.04020065]
Ball xyz: [0.9960000514984131, -0.045390475541353226, 0.009990595281124115, 0.010030381240863842]
predictd: [-0.01365321  0.00542905  0.04822735  0.01003038]
Ball xyz: [1.2350000143051147, -0.050883498042821884, 0.02183222956955433, 0.017676077318544547]
predictd: [-0.14472977 -0.01298219 -0.00959728  0.01767608]
Ball xyz: [1.2600001096725464, -0.06843799352645874, 0.03328615054488182, 0.026411434563167392]
predictd: [ 0.11940203 -0.00090609 -0.04340501  0.02641143]
Ball xyz: [1.2390000820159912, -0.045631952583789825, 0.019195834174752235, 0.015491765331874532]
predictd: [ 0.00228026 -0.01336265 -0.03516694  0.01549177]
Ball xyz: [1.2330000400543213, -0.0319356694817543, 0.011020875535905361, 0.0089380224629891022]
predictd: [-0.08034787 -0.01784852  0.01366584  0.00893802]
Ball xyz: [1.2330000400543213, -0.034630730748176575, 0.005632875021547079, 0.0045683987445036926]
predictd: [ 0.08308377 -0.01088424 -0.00351865  0.0045684 ]
Ball xyz: [1.2300000190734863, -0.023792453110218048, -0.011849223636090755, -0.0096332170069619791]
predictd: [-0.27198688  0.011388   -0.0615668  -0.00963322]
Ball xyz: [1.1670000553131104, 0.018238984048366547, 0.194016233086586, 0.16474530749323194]
predictd: [-0.0137385  -0.0051601   0.06717283  0.16474531]
Ball xyz: [1.128000020980835, 0.0003705705748870969, 0.2343594878911972, 0.20485111415889093]
predictd: [-0.0641867  -0.00496615  0.00912977  0.20485111]
Ball xyz: [1.1170001029968262, 0.004029223695397377, 0.22841325402259827, 0.20170731414349213]
predictd: [-0.04191574 -0.00322096  0.00208855  0.20170731]
Ball xyz: [1.1450001001358032, -0.01338876597583294, 0.10404909402132034, 0.090623658829804374]
predictd: [-0.15122691  0.02396154 -0.06676556  0.09062366]
Ball xyz: [1.1040000915527344, -0.015322438441216946, -0.019077911972999573, -0.01727899610135775]
predictd: [-0.16534687  0.00189782  0.04052648 -0.017279  ]
Ball xyz: [0, 0, 0, 0]
predictd: [ 0.  0.  0.  0.]
Ball xyz: [0.21800000965595245, -0.0849834606051445, 0.07410972565412521, 0.32769624632700456]
predictd: [-0.02379325 -0.00691091  0.0643657   0.32769625]
Ball xyz: [0.2540000081062317, -0.06515102088451385, 0.07635859400033951, 0.29202951822749579]
predictd: [-0.00525498  0.00259761 -0.02124168  0.29202952]
Ball xyz: [0.3920000195503235, -0.13781987130641937, 0.07373570650815964, 0.18592874848316635]
predictd: [ 0.07719787  0.00057792 -0.06077283  0.18592875]
Ball xyz: [0.6520000100135803, -0.1579747498035431, 0.15042103826999664, 0.22673986776891783]
predictd: [-0.08026275  0.02775616  0.02332921  0.22673987]
Ball xyz: [1.0789999961853027, -0.0963420495390892, 0.14991700649261475, 0.1380568463554695]
predictd: [ 0.0728795   0.02383673 -0.07758043  0.13805685]
Ball xyz: [1.1220000982284546, -0.18479062616825104, 0.1595686674118042, 0.14127068881545882]
predictd: [ 0.1337433  -0.01396789  0.01502539  0.14127069]
Ball xyz: [1.062000036239624, -0.23061981797218323, 0.14639481902122498, 0.13698490909727115]
predictd: [ 0.00247015 -0.0205752  -0.1093786   0.13698491]
Ball xyz: [1.0040000677108765, -0.5888983607292175, 0.16582030057907104, 0.16368203433122239]
predictd: [ 0.04482398 -0.01864473 -0.01995247  0.16368203]
Ball xyz: [1.03000009059906, -0.5726298689842224, 0.17911630868911743, 0.17217748762305324]
predictd: [-0.00453166  0.02222844  0.03405903  0.17217749]
Ball xyz: [1.1260000467300415, -0.7269096970558167, 0.1589074432849884, 0.14019974243259656]
predictd: [ 0.0492092   0.00248532  0.04989822  0.14019974]
Ball xyz: [1.1260000467300415, -0.7269096970558167, 0.1589074432849884, 0.14019974243259656]
predictd: [-1.02344391  0.73831701 -0.06506805  0.14019974]
Ball xyz: [1.1150000095367432, -0.7222455739974976, 0.12324853241443634, 0.11008987758888904]
predictd: [ 0.29030331 -0.00569966 -0.08360237  0.11008988]
Ball xyz: [1.0490000247955322, -0.46052396297454834, 0.15606267750263214, 0.14768954264601211]
predictd: [-0.02171631  0.00450854  0.04297739  0.14768954]
Ball xyz: [1.0460000038146973, -0.4660658538341522, 0.15447364747524261, 0.14662057365894934]
predictd: [ 0.01948677 -0.01299604  0.06569446  0.14662057]
Ball xyz: [1.0490000247955322, -0.47198835015296936, 0.1549166887998581, 0.14662057102229697]
predictd: [ 0.0376572  -0.00368818 -0.07441609  0.14662057]
Ball xyz: [1.0509999990463257, -0.4797799587249756, 0.1517675220966339, 0.14341163697878345]
predictd: [-0.10819753  0.00730888  0.0329282   0.14341164]
Ball xyz: [1.0380001068115234, -0.6474114060401917, 0.14762234687805176, 0.14127068366533535]
predictd: [ 0.22119787 -0.01167257 -0.01727246  0.14127068]
Ball xyz: [1.1060000658035278, -0.7430079579353333, 0.18387484550476074, 0.16474529868278612]
predictd: [-0.08839737 -0.02824896  0.02271856  0.1647453 ]
Ball xyz: [1.1060000658035278, -0.7430079579353333, 0.18387484550476074, 0.16474529868278612]
predictd: [-1.18114751  0.71270823 -0.16741616  0.1647453 ]
Ball xyz: [1.1060000658035278, -0.7430079579353333, 0.18387484550476074, 0.16474529868278612]
predictd: [-2.08169096  1.45493933 -0.32818006  0.1647453 ]
Ball xyz: [1.0570000410079956, -0.6835206747055054, 0.1734190434217453, 0.16261841120104029]
predictd: [ 0.07294354 -0.0196307   0.02316537  0.16261841]
Ball xyz: [1.0140000581741333, -0.5814656615257263, 0.1730106770992279, 0.16899458493771877]
predictd: [ 0.28838656  0.01726072 -0.00420901  0.16899458]
Ball xyz: [1.034000039100647, -0.39969655871391296, 0.16738629341125488, 0.1604900267786088]
predictd: [-0.13168972  0.00076046 -0.00809477  0.16049003]
Ball xyz: [1.0040000677108765, -0.12366046756505966, 0.1526583731174469, 0.15089439065360358]
predictd: [ 0.04025612  0.00190702  0.08282177  0.15089439]
Ball xyz: [1.0509999990463257, 0.1370316445827484, 0.13110041618347168, 0.12409774619213433]
predictd: [ 0.08598126 -0.01414423 -0.02907234  0.12409775]
Ball xyz: [0.971000075340271, 0.37704285979270935, 0.1168782189488411, 0.11979258148327543]
predictd: [-0.13155986  0.00772049 -0.09204123  0.11979258]
Ball xyz: [0.9730000495910645, 0.49798136949539185, 0.1054263785481453, 0.10793081414500205]
predictd: [-0.01134905  0.00158039 -0.01733724  0.10793081]
Ball xyz: [0.9900000691413879, 0.5034360885620117, 0.1202467605471611, 0.12086929688541379]
predictd: [ 0.14537726  0.01805361 -0.04336087  0.1208693 ]
Ball xyz: [1.0570000410079956, 0.6102835536003113, 0.11914685368537903, 0.11224789757070969]
predictd: [-0.05799883  0.01426718  0.08989202  0.1122479 ]
Ball xyz: [1.0840001106262207, 0.7431569695472717, 0.12811145186424255, 0.11763830678466822]
predictd: [ 0.11065494 -0.00826454 -0.02246433  0.11763831]
Ball xyz: [1.1180000305175781, 0.7640225887298584, 0.13457244634628296, 0.11979258437921786]
predictd: [  7.09557209e-02   6.40260322e-05  -3.40540363e-03   1.19792584e-01]
Ball xyz: [1.0570000410079956, 0.6056628227233887, 0.13646776974201202, 0.12839829470311481]
predictd: [ 0.18534475 -0.00385087 -0.04208916  0.12839829]
Ball xyz: [0.9860000610351562, 0.4335139989852905, 0.1348412036895752, 0.13591267486341063]
predictd: [-0.12128809 -0.00528169 -0.00388497  0.13591267]
Ball xyz: [1.0070000886917114, 0.28867173194885254, 0.15311452746391296, 0.15089439130372398]
predictd: [-0.14300938  0.01852591  0.07135231  0.15089439]
Ball xyz: [1.0860000848770142, 0.3291214406490326, 0.1449575424194336, 0.1326940521062108]
predictd: [-0.04074885  0.00461629  0.01021085  0.13269405]
Ball xyz: [1.196000099182129, 0.3637649416923523, 0.18185201287269592, 0.15089439378584185]
predictd: [ 0.0875866   0.00637163 -0.07003993  0.15089439]
Ball xyz: [1.4040000438690186, 0.3426356315612793, 0.1766670048236847, 0.12517331910171192]
predictd: [ 0.00267597  0.00989554  0.0066725   0.12517332]
Ball xyz: [1.5250000953674316, 0.47716397047042847, 0.19355858862400055, 0.12624860597087856]
predictd: [ 0.08719751  0.00204015  0.07722812  0.12624861]
Ball xyz: [1.7680001258850098, 0.5551295280456543, 0.25723591446876526, 0.1444816022717299]
predictd: [ 0.00056987 -0.00993189 -0.01682742  0.1444816 ]
Ball xyz: [1.9190001487731934, 0.7032096982002258, 0.228891521692276, 0.11871558444549078]
predictd: [ 0.25196227 -0.01294444  0.00558067  0.11871558]
Ball xyz: [2.267000198364258, 0.6746455430984497, 0.17876549065113068, 0.078692685723468561]
predictd: [ -7.36164902e-02   1.04681361e-05   2.97081502e-02   7.86926857e-02]
Ball xyz: [2.3950002193450928, 0.16830463707447052, 0.2595027685165405, 0.10793081706652043]
predictd: [-0.01351263 -0.01265757  0.0714937   0.10793082]
Ball xyz: [2.3950002193450928, -0.14579129219055176, 0.3170643448829651, 0.13162056775321465]
predictd: [ 0.13180906 -0.00753465 -0.0159427   0.13162057]
Ball xyz: [2.2220001220703125, -0.37567147612571716, 0.3014439046382904, 0.13484011398469334]
predictd: [-0.09262298  0.00182958 -0.11663632  0.13484011]
Ball xyz: [2.059000015258789, -0.5573869943618774, 0.3310662806034088, 0.15942529081513879]
predictd: [ 0.03513856  0.00911237 -0.0144755   0.15942529]
Ball xyz: [2.0280001163482666, -0.5999717116355896, 0.29949575662612915, 0.14662056790171055]
predictd: [ 0.28996554  0.00360703 -0.07420138  0.14662057]
Ball xyz: [2.078000068664551, -0.519381046295166, 0.26374736428260803, 0.12624860449031974]
predictd: [ 0.17813993  0.01409964 -0.01785523  0.1262486 ]
Ball xyz: [2.1040000915527344, -0.4408004581928253, 0.2049870640039444, 0.097120788758016968]
predictd: [ 0.13909744 -0.01813283  0.07745178  0.09712079]
Ball xyz: [2.072000026702881, -0.36616235971450806, 0.15886151790618896, 0.076520910334222467]
predictd: [ 0.11979273  0.01383986  0.00933326  0.07652091]
Ball xyz: [1.7140001058578491, -0.2766719460487366, 0.13141344487667084, 0.076520911114012768]
predictd: [ 0.02793593  0.02388614 -0.02771997  0.07652091]
Ball xyz: [1.7140001058578491, -0.2766719460487366, 0.13141344487667084, 0.076520911114012768]
predictd: [-1.88524741  0.28972122 -0.08972635  0.07652091]
Ball xyz: [1.7140001058578491, -0.2766719460487366, 0.13141344487667084, 0.076520911114012768]
predictd: [-3.53677993  0.55837764 -0.22786177  0.07652091]
Ball xyz: [1.7140001058578491, -0.2766719460487366, 0.13141344487667084, 0.076520911114012768]
predictd: [-5.32317517  0.82854348 -0.32823577  0.07652091]
Ball xyz: [1.7140001058578491, -0.2766719460487366, 0.13141344487667084, 0.076520911114012768]
predictd: [-6.95394167  1.13273587 -0.40963692  0.07652091]
Ball xyz: [1.7140001058578491, -0.2766719460487366, 0.13141344487667084, 0.076520911114012768]
predictd: [-8.82243163  1.40165003 -0.6024993   0.07652091]
Ball xyz: [1.7140001058578491, -0.2766719460487366, 0.13141344487667084, 0.076520911114012768]
predictd: [-10.51826      1.67286303  -0.71169939   0.07652091]
Ball xyz: [2.0280001163482666, -0.6354337334632874, 0.10896244645118713, 0.053677401509521855]
predictd: [-0.18774432  0.02612532 -0.08934759  0.0536774 ]
Ball xyz: [1.7970000505447388, -0.7476628422737122, 0.16133485734462738, 0.089540044024571344]
predictd: [-0.06942091  0.00756457  0.04359285  0.08954004]
Ball xyz: [1.343000054359436, -0.8214977979660034, 0.2643573582172394, 0.19435614002437296]
predictd: [-0.20016675  0.0063616  -0.04680375  0.19435614]
Ball xyz: [1.0110000371932983, -0.49687713384628296, 0.23545384407043457, 0.22881336854675274]
predictd: [ -2.16467937e-04   1.49987498e-02   1.06772626e-01   2.28813369e-01]
Ball xyz: [1.0420000553131104, 0.047032665461301804, 0.1948631852865219, 0.18487339502678021]
predictd: [-0.07877817 -0.0236644   0.05191476  0.1848734 ]
Ball xyz: [0.5400000214576721, 0.05624254047870636, 0.14109979569911957, 0.25558152622035452]
predictd: [ 0.10590756 -0.00783551  0.11654775  0.25558153]
Ball xyz: [0.328000009059906, -0.04756837710738182, 0.09502153843641281, 0.28198049199642961]
predictd: [ 0.03249123 -0.00396491 -0.04786852  0.28198049]
Ball xyz: [0.2930000126361847, -0.018156060948967934, 0.06759718805551529, 0.22673987360989767]
predictd: [ 0.05204049  0.00249581 -0.02918111  0.22673987]
Ball xyz: [0.28700000047683716, -0.022175487130880356, 0.07405132055282593, 0.25251116807675128]
predictd: [-0.05914522  0.02283304 -0.08545844  0.25251117]
Ball xyz: [0.29100000858306885, -0.023120613768696785, 0.0757192075252533, 0.2545586210565402]
predictd: [ 0.00678205  0.02217157  0.03942941  0.25455862]
Ball xyz: [0.2880000174045563, -0.01910523697733879, 0.0739947184920311, 0.25148663852432318]
predictd: [ 0.04743539 -0.0085619  -0.00348561  0.25148664]
Ball xyz: [0.28700000047683716, -0.019979877397418022, 0.07436485588550568, 0.25353516549966881]
predictd: [-0.06858202  0.02013721 -0.04183269  0.25353517]
Ball xyz: [0.28600001335144043, -0.01865999773144722, 0.07410574704408646, 0.25353516162785378]
predictd: [-0.01063185 -0.01337067  0.00827007  0.25353516]
Ball xyz: [0.28300002217292786, -0.01784568838775158, 0.07827506214380264, 0.26984410184055885]
predictd: [-0.00698575 -0.00323374  0.00714015  0.2698441 ]
Ball xyz: [0.281000018119812, -0.018640873953700066, 0.07772188633680344, 0.26984412141728892]
predictd: [-0.00649348 -0.01391298 -0.02697491  0.26984412]
Ball xyz: [0.281000018119812, -0.016184063628315926, 0.07680094242095947, 0.26679709354251685]
predictd: [-0.0534412  -0.00525813  0.00448517  0.26679709]
Ball xyz: [0.281000018119812, -0.014648555777966976, 0.07710792124271393, 0.26781332828969989]
predictd: [ 0.038126    0.00510672 -0.01488052  0.26781333]
Ball xyz: [0.28300002217292786, -0.019701411947607994, 0.07734756171703339, 0.26679706822145299]
predictd: [-0.02198285  0.00705747  0.02198146  0.26679707]
Ball xyz: [0.281000018119812, -0.01956217736005783, 0.07772188633680344, 0.26984412141728892]
predictd: [ 0.03676324  0.02398058  0.01261583  0.26984412]
Ball xyz: [0.281000018119812, -0.02017638087272644, 0.07802886515855789, 0.27085865191960651]
predictd: [ 0.0027525  -0.00798594 -0.03946851  0.27085865]
Ball xyz: [0.28200000524520874, -0.017166240140795708, 0.07676617801189423, 0.26578028545842086]
predictd: [ 0.00874209 -0.00284784 -0.00672737  0.26578029]
Ball xyz: [0.27900001406669617, -0.0188131146132946, 0.07716869562864304, 0.26984409166106382]
predictd: [ 0.05349754  0.01261675 -0.03542741  0.26984409]
Ball xyz: [0.27900001406669617, -0.0188131146132946, 0.07716869562864304, 0.26984409166106382]
predictd: [-0.22814742  0.04030856 -0.10047473  0.26984409]
Ball xyz: [4.045000076293945, 0.17373736202716827, 0.5089871883392334, 0.1251733168078755]
predictd: [ 0.27803293  0.00904296 -0.03720722  0.12517332]
Ball xyz: [4.045000076293945, 0.17373736202716827, 0.5089871883392334, 0.1251733168078755]
predictd: [ 0.19695918  0.00857369 -0.11060056  0.12517332]
Ball xyz: [4.045000076293945, 0.17373736202716827, 0.5089871883392334, 0.1251733168078755]
predictd: [-0.02852007 -0.00544326  0.01373709  0.12517332]
Ball xyz: [4.045000076293945, 0.17373736202716827, 0.5089871883392334, 0.1251733168078755]
predictd: [ 0.4620338  -0.02304484  0.04571112  0.12517332]
Ball xyz: [4.045000076293945, 0.17373736202716827, 0.5089871883392334, 0.1251733168078755]
predictd: [ 0.03433342 -0.01892515  0.00019937  0.12517332]
Ball xyz: [4.045000076293945, 0.17373736202716827, 0.5089871883392334, 0.1251733168078755]
predictd: [ 0.26203289 -0.00899395  0.02718692  0.12517332]
Ball xyz: [4.045000076293945, 0.17373736202716827, 0.5089871883392334, 0.1251733168078755]
predictd: [ 0.33929309 -0.00233286 -0.08164077  0.12517332]
Ball xyz: [4.045000076293945, 0.17373736202716827, 0.5089871883392334, 0.1251733168078755]
predictd: [-3.50910328 -0.16814535 -0.50072848  0.12517332]
Ball xyz: [4.045000076293945, 0.17373736202716827, 0.5089871883392334, 0.1251733168078755]
predictd: [-7.61975716 -0.36644283 -1.07964905  0.12517332]
Ball xyz: [20.46900177001953, -1.715790033340454, 1.7706245183944702, 0.086287934162618471]
predictd: [-0.14877348  0.01633765  0.05181059  0.08628793]
Ball xyz: [20.46900177001953, -1.715790033340454, 1.7706245183944702, 0.086287934162618471]
predictd: [-17.22952242   1.74702548  -1.73029683   0.08628793]
Ball xyz: [20.46900177001953, -1.715790033340454, 1.7706245183944702, 0.086287934162618471]
predictd: [-34.78856671   3.4710634   -3.52969487   0.08628793]
Ball xyz: [20.46900177001953, -1.715790033340454, 1.7706245183944702, 0.086287934162618471]
predictd: [-52.40240049   5.19480229  -5.23679835   0.08628793]
Ball xyz: [20.46900177001953, -1.715790033340454, 1.7706245183944702, 0.086287934162618471]
predictd: [-69.23988714   6.91658929  -6.9719686    0.08628793]
Ball xyz: [20.46900177001953, -1.715790033340454, 1.7706245183944702, 0.086287934162618471]
predictd: [-86.08765129   8.64368144  -8.67371769   0.08628793]
Ball xyz: [20.46900177001953, -1.715790033340454, 1.7706245183944702, 0.086287934162618471]
predictd: [ -1.03356707e+02   1.03538077e+01  -1.03889715e+01   8.62879342e-02]
Ball xyz: [20.46900177001953, -1.715790033340454, 1.7706245183944702, 0.086287934162618471]
predictd: [ -1.20305049e+02   1.20753425e+01  -1.21700510e+01   8.62879342e-02]
Ball xyz: [20.46900177001953, -1.715790033340454, 1.7706245183944702, 0.086287934162618471]
predictd: [ -1.38024044e+02   1.37909130e+01  -1.39954661e+01   8.62879342e-02]
Ball xyz: [20.46900177001953, -1.715790033340454, 1.7706245183944702, 0.086287934162618471]
predictd: [ -1.54728469e+02   1.55176732e+01  -1.58269860e+01   8.62879342e-02]
Ball xyz: [20.46900177001953, -1.715790033340454, 1.7706245183944702, 0.086287934162618471]
predictd: [ -1.71935204e+02   1.72374516e+01  -1.75630162e+01   8.62879342e-02]
Ball xyz: [20.46900177001953, -1.715790033340454, 1.7706245183944702, 0.086287934162618471]
predictd: [ -1.89380621e+02   1.89115634e+01  -1.93337850e+01   8.62879342e-02]
Ball xyz: [20.46900177001953, -1.715790033340454, 1.7706245183944702, 0.086287934162618471]
predictd: [ -2.07131957e+02   2.06178720e+01  -2.10866548e+01   8.62879342e-02]
Ball xyz: [20.46900177001953, -1.715790033340454, 1.7706245183944702, 0.086287934162618471]
predictd: [ -2.23832708e+02   2.23261565e+01  -2.28375190e+01   8.62879342e-02]
Ball xyz: [20.46900177001953, -1.715790033340454, 1.7706245183944702, 0.086287934162618471]
predictd: [ -2.41161174e+02   2.40331102e+01  -2.45282188e+01   8.62879342e-02]
Ball xyz: [20.46900177001953, -1.715790033340454, 1.7706245183944702, 0.086287934162618471]
predictd: [ -2.58649053e+02   2.57511489e+01  -2.63161086e+01   8.62879342e-02]
Ball xyz: [20.46900177001953, -1.715790033340454, 1.7706245183944702, 0.086287934162618471]
predictd: [ -2.75574988e+02   2.74708059e+01  -2.80509519e+01   8.62879342e-02]
Ball xyz: [20.46900177001953, -1.715790033340454, 1.7706245183944702, 0.086287934162618471]
predictd: [ -2.92327927e+02   2.91803727e+01  -2.97702271e+01   8.62879342e-02]
Ball xyz: [20.46900177001953, -1.715790033340454, 1.7706245183944702, 0.086287934162618471]
predictd: [ -3.10032040e+02   3.09108008e+01  -3.15288935e+01   8.62879342e-02]
Ball xyz: [20.46900177001953, -1.715790033340454, 1.7706245183944702, 0.086287934162618471]
predictd: [ -3.27538034e+02   3.26175492e+01  -3.33814533e+01   8.62879342e-02]
Ball xyz: [20.46900177001953, -1.715790033340454, 1.7706245183944702, 0.086287934162618471]
predictd: [ -3.43901758e+02   3.43283746e+01  -3.51400211e+01   8.62879342e-02]
Ball xyz: [20.46900177001953, -1.715790033340454, 1.7706245183944702, 0.086287934162618471]
predictd: [ -3.61406052e+02   3.60319397e+01  -3.69193587e+01   8.62879342e-02]
Ball xyz: [20.46900177001953, -1.715790033340454, 1.7706245183944702, 0.086287934162618471]
predictd: [ -3.78701974e+02   3.77670685e+01  -3.86655698e+01   8.62879342e-02]
Ball xyz: [20.46900177001953, -1.715790033340454, 1.7706245183944702, 0.086287934162618471]
predictd: [ -3.96217869e+02   3.94719655e+01  -4.03771564e+01   8.62879342e-02]
Ball xyz: [20.46900177001953, -1.715790033340454, 1.7706245183944702, 0.086287934162618471]
predictd: [ -4.13100338e+02   4.11771318e+01  -4.20964713e+01   8.62879342e-02]
Ball xyz: [20.46900177001953, -1.715790033340454, 1.7706245183944702, 0.086287934162618471]
predictd: [ -4.30117933e+02   4.28893686e+01  -4.37673383e+01   8.62879342e-02]
Ball xyz: [20.46900177001953, -1.715790033340454, 1.7706245183944702, 0.086287934162618471]
predictd: [ -4.47308741e+02   4.46129668e+01  -4.55882137e+01   8.62879342e-02]
Ball xyz: [20.46900177001953, -1.715790033340454, 1.7706245183944702, 0.086287934162618471]
predictd: [ -4.64959199e+02   4.63226915e+01  -4.73240616e+01   8.62879342e-02]
Ball xyz: [20.46900177001953, -1.715790033340454, 1.7706245183944702, 0.086287934162618471]
predictd: [ -4.81728345e+02   4.80181417e+01  -4.91062092e+01   8.62879342e-02]
Ball xyz: [20.46900177001953, -1.715790033340454, 1.7706245183944702, 0.086287934162618471]
predictd: [ -4.98759039e+02   4.97463807e+01  -5.08524340e+01   8.62879342e-02]
Ball xyz: [20.46900177001953, -1.715790033340454, 1.7706245183944702, 0.086287934162618471]
predictd: [ -5.16284999e+02   5.14625648e+01  -5.25522127e+01   8.62879342e-02]
Ball xyz: [20.46900177001953, -1.715790033340454, 1.7706245183944702, 0.086287934162618471]
predictd: [ -5.34378775e+02   5.31811494e+01  -5.42257884e+01   8.62879342e-02]
Ball xyz: [20.46900177001953, -1.715790033340454, 1.7706245183944702, 0.086287934162618471]
predictd: [ -5.51339338e+02   5.48810189e+01  -5.60657779e+01   8.62879342e-02]
Ball xyz: [20.46900177001953, -1.715790033340454, 1.7706245183944702, 0.086287934162618471]
predictd: [ -5.68497428e+02   5.66001862e+01  -5.77780425e+01   8.62879342e-02]
Ball xyz: [20.46900177001953, -1.715790033340454, 1.7706245183944702, 0.086287934162618471]
predictd: [ -5.86112680e+02   5.82987432e+01  -5.96254757e+01   8.62879342e-02]
Ball xyz: [20.46900177001953, -1.715790033340454, 1.7706245183944702, 0.086287934162618471]
predictd: [ -6.02865359e+02   6.00005110e+01  -6.14294613e+01   8.62879342e-02]
Ball xyz: [20.46900177001953, -1.715790033340454, 1.7706245183944702, 0.086287934162618471]
predictd: [ -6.19787406e+02   6.17249855e+01  -6.31861046e+01   8.62879342e-02]
Ball xyz: [20.46900177001953, -1.715790033340454, 1.7706245183944702, 0.086287934162618471]
predictd: [ -6.36784971e+02   6.34441647e+01  -6.49465823e+01   8.62879342e-02]
Ball xyz: [20.46900177001953, -1.715790033340454, 1.7706245183944702, 0.086287934162618471]
predictd: [ -6.53912418e+02   6.51603290e+01  -6.67629700e+01   8.62879342e-02]
Ball xyz: [20.46900177001953, -1.715790033340454, 1.7706245183944702, 0.086287934162618471]
predictd: [ -6.70791647e+02   6.68722764e+01  -6.85528605e+01   8.62879342e-02]
Ball xyz: [20.46900177001953, -1.715790033340454, 1.7706245183944702, 0.086287934162618471]
predictd: [ -6.88384221e+02   6.85687420e+01  -7.03288731e+01   8.62879342e-02]
Ball xyz: [20.46900177001953, -1.715790033340454, 1.7706245183944702, 0.086287934162618471]
predictd: [ -7.05485758e+02   7.02826098e+01  -7.20772498e+01   8.62879342e-02]
Ball xyz: [20.46900177001953, -1.715790033340454, 1.7706245183944702, 0.086287934162618471]
predictd: [ -7.22743565e+02   7.19995056e+01  -7.38467103e+01   8.62879342e-02]
Ball xyz: [20.46900177001953, -1.715790033340454, 1.7706245183944702, 0.086287934162618471]
predictd: [ -7.39776721e+02   7.37258050e+01  -7.55519908e+01   8.62879342e-02]
Ball xyz: [20.46900177001953, -1.715790033340454, 1.7706245183944702, 0.086287934162618471]
predictd: [ -7.58467184e+02   7.54223631e+01  -7.73449681e+01   8.62879342e-02]
Ball xyz: [20.46900177001953, -1.715790033340454, 1.7706245183944702, 0.086287934162618471]
predictd: [ -7.76161940e+02   7.71273692e+01  -7.90951780e+01   8.62879342e-02]
Ball xyz: [20.46900177001953, -1.715790033340454, 1.7706245183944702, 0.086287934162618471]
predictd: [ -7.93448175e+02   7.88462540e+01  -8.08551828e+01   8.62879342e-02]
Ball xyz: [20.46900177001953, -1.715790033340454, 1.7706245183944702, 0.086287934162618471]
predictd: [ -8.11092931e+02   8.05420898e+01  -8.26049713e+01   8.62879342e-02]
Ball xyz: [20.46900177001953, -1.715790033340454, 1.7706245183944702, 0.086287934162618471]
predictd: [ -8.28316514e+02   8.22435656e+01  -8.42241708e+01   8.62879342e-02]
Ball xyz: [20.46900177001953, -1.715790033340454, 1.7706245183944702, 0.086287934162618471]
predictd: [ -8.44803629e+02   8.39517169e+01  -8.59505793e+01   8.62879342e-02]
Ball xyz: [20.46900177001953, -1.715790033340454, 1.7706245183944702, 0.086287934162618471]
predictd: [ -8.62010858e+02   8.56501012e+01  -8.76895777e+01   8.62879342e-02]
Ball xyz: [20.46900177001953, -1.715790033340454, 1.7706245183944702, 0.086287934162618471]
predictd: [ -8.79650978e+02   8.73471074e+01  -8.95117873e+01   8.62879342e-02]
Ball xyz: [20.46900177001953, -1.715790033340454, 1.7706245183944702, 0.086287934162618471]
predictd: [ -8.97228316e+02   8.90507121e+01  -9.12907071e+01   8.62879342e-02]
Ball xyz: [20.46900177001953, -1.715790033340454, 1.7706245183944702, 0.086287934162618471]
predictd: [ -9.14398894e+02   9.07686206e+01  -9.30182089e+01   8.62879342e-02]
Ball xyz: [20.46900177001953, -1.715790033340454, 1.7706245183944702, 0.086287934162618471]
predictd: [ -9.31677289e+02   9.24976491e+01  -9.46422887e+01   8.62879342e-02]
Ball xyz: [20.46900177001953, -1.715790033340454, 1.7706245183944702, 0.086287934162618471]
predictd: [ -9.48933076e+02   9.42132361e+01  -9.63056481e+01   8.62879342e-02]
Ball xyz: [20.46900177001953, -1.715790033340454, 1.7706245183944702, 0.086287934162618471]
predictd: [ -9.65667110e+02   9.59429630e+01  -9.80452870e+01   8.62879342e-02]
Ball xyz: [20.46900177001953, -1.715790033340454, 1.7706245183944702, 0.086287934162618471]
predictd: [ -9.82479785e+02   9.76624797e+01  -9.98226850e+01   8.62879342e-02]
Ball xyz: [20.46900177001953, -1.715790033340454, 1.7706245183944702, 0.086287934162618471]
predictd: [ -1.00006483e+03   9.93685083e+01  -1.01564563e+02   8.62879342e-02]
Ball xyz: [20.46900177001953, -1.715790033340454, 1.7706245183944702, 0.086287934162618471]
predictd: [ -1.01720709e+03   1.01073715e+02  -1.03258567e+02   8.62879342e-02]
Ball xyz: [20.46900177001953, -1.715790033340454, 1.7706245183944702, 0.086287934162618471]
predictd: [ -1.03411683e+03   1.02782306e+02  -1.04955015e+02   8.62879342e-02]
Ball xyz: [20.46900177001953, -1.715790033340454, 1.7706245183944702, 0.086287934162618471]
predictd: [ -1.05163929e+03   1.04506034e+02  -1.06892667e+02   8.62879342e-02]
Ball xyz: [20.46900177001953, -1.715790033340454, 1.7706245183944702, 0.086287934162618471]
predictd: [ -1.06837896e+03   1.06222838e+02  -1.08659256e+02   8.62879342e-02]
Ball xyz: [20.46900177001953, -1.715790033340454, 1.7706245183944702, 0.086287934162618471]
predictd: [ -1.08565434e+03   1.07930296e+02  -1.10472603e+02   8.62879342e-02]
Ball xyz: [20.46900177001953, -1.715790033340454, 1.7706245183944702, 0.086287934162618471]
predictd: [ -1.10276755e+03   1.09651463e+02  -1.12289054e+02   8.62879342e-02]
Ball xyz: [20.46900177001953, -1.715790033340454, 1.7706245183944702, 0.086287934162618471]
predictd: [ -1.11975312e+03   1.11383606e+02  -1.14152397e+02   8.62879342e-02]
Ball xyz: [20.46900177001953, -1.715790033340454, 1.7706245183944702, 0.086287934162618471]
predictd: [ -1.13672722e+03   1.13075211e+02  -1.15855533e+02   8.62879342e-02]
Ball xyz: [20.46900177001953, -1.715790033340454, 1.7706245183944702, 0.086287934162618471]
predictd: [ -1.15415012e+03   1.14814014e+02  -1.17592447e+02   8.62879342e-02]
Ball xyz: [20.46900177001953, -1.715790033340454, 1.7706245183944702, 0.086287934162618471]
predictd: [ -1.17075111e+03   1.16516034e+02  -1.19395432e+02   8.62879342e-02]
Ball xyz: [20.46900177001953, -1.715790033340454, 1.7706245183944702, 0.086287934162618471]
predictd: [ -1.18797676e+03   1.18238014e+02  -1.21015898e+02   8.62879342e-02]
Ball xyz: [20.46900177001953, -1.715790033340454, 1.7706245183944702, 0.086287934162618471]
predictd: [ -1.20484272e+03   1.19970370e+02  -1.22850109e+02   8.62879342e-02]
Ball xyz: [20.46900177001953, -1.715790033340454, 1.7706245183944702, 0.086287934162618471]
predictd: [ -1.22223477e+03   1.21675884e+02  -1.24641162e+02   8.62879342e-02]
Ball xyz: [20.46900177001953, -1.715790033340454, 1.7706245183944702, 0.086287934162618471]
predictd: [ -1.23996584e+03   1.23402164e+02  -1.26380771e+02   8.62879342e-02]
Ball xyz: [20.46900177001953, -1.715790033340454, 1.7706245183944702, 0.086287934162618471]
predictd: [ -1.25704567e+03   1.25136729e+02  -1.28245320e+02   8.62879342e-02]
Ball xyz: [20.46900177001953, -1.715790033340454, 1.7706245183944702, 0.086287934162618471]
predictd: [ -1.27438494e+03   1.26858490e+02  -1.29951039e+02   8.62879342e-02]
Ball xyz: [20.46900177001953, -1.715790033340454, 1.7706245183944702, 0.086287934162618471]
predictd: [ -1.29145569e+03   1.28569157e+02  -1.31720932e+02   8.62879342e-02]
Ball xyz: [20.46900177001953, -1.715790033340454, 1.7706245183944702, 0.086287934162618471]
predictd: [ -1.30884227e+03   1.30273013e+02  -1.33469891e+02   8.62879342e-02]
Ball xyz: [20.46900177001953, -1.715790033340454, 1.7706245183944702, 0.086287934162618471]
predictd: [ -1.32548510e+03   1.31983942e+02  -1.35314379e+02   8.62879342e-02]
Ball xyz: [20.46900177001953, -1.715790033340454, 1.7706245183944702, 0.086287934162618471]
predictd: [ -1.34309864e+03   1.33714140e+02  -1.37091418e+02   8.62879342e-02]
Ball xyz: [20.46900177001953, -1.715790033340454, 1.7706245183944702, 0.086287934162618471]
predictd: [ -1.36079431e+03   1.35417297e+02  -1.38897490e+02   8.62879342e-02]
Ball xyz: [20.46900177001953, -1.715790033340454, 1.7706245183944702, 0.086287934162618471]
predictd: [ -1.37808283e+03   1.37147171e+02  -1.40728588e+02   8.62879342e-02]
Ball xyz: [20.46900177001953, -1.715790033340454, 1.7706245183944702, 0.086287934162618471]
predictd: [ -1.39536594e+03   1.38854748e+02  -1.42494067e+02   8.62879342e-02]
Ball xyz: [20.46900177001953, -1.715790033340454, 1.7706245183944702, 0.086287934162618471]
predictd: [ -1.41255339e+03   1.40584483e+02  -1.44195326e+02   8.62879342e-02]
Ball xyz: [20.46900177001953, -1.715790033340454, 1.7706245183944702, 0.086287934162618471]
predictd: [ -1.42991018e+03   1.42302662e+02  -1.45935990e+02   8.62879342e-02]
Ball xyz: [20.46900177001953, -1.715790033340454, 1.7706245183944702, 0.086287934162618471]
predictd: [ -1.44726275e+03   1.43986974e+02  -1.47630455e+02   8.62879342e-02]
Ball xyz: [20.46900177001953, -1.715790033340454, 1.7706245183944702, 0.086287934162618471]
predictd: [ -1.46347816e+03   1.45696542e+02  -1.49384484e+02   8.62879342e-02]
Ball xyz: [20.46900177001953, -1.715790033340454, 1.7706245183944702, 0.086287934162618471]
predictd: [ -1.48054261e+03   1.47395772e+02  -1.51212630e+02   8.62879342e-02]
Ball xyz: [20.46900177001953, -1.715790033340454, 1.7706245183944702, 0.086287934162618471]
predictd: [ -1.49754560e+03   1.49106445e+02  -1.52912328e+02   8.62879342e-02]
Ball xyz: [20.46900177001953, -1.715790033340454, 1.7706245183944702, 0.086287934162618471]
predictd: [ -1.51535158e+03   1.50837427e+02  -1.54675116e+02   8.62879342e-02]
Ball xyz: [20.46900177001953, -1.715790033340454, 1.7706245183944702, 0.086287934162618471]
predictd: [ -1.53312919e+03   1.52558687e+02  -1.56387593e+02   8.62879342e-02]
Ball xyz: [20.46900177001953, -1.715790033340454, 1.7706245183944702, 0.086287934162618471]
predictd: [ -1.55064912e+03   1.54275528e+02  -1.58189554e+02   8.62879342e-02]
Ball xyz: [20.46900177001953, -1.715790033340454, 1.7706245183944702, 0.086287934162618471]
predictd: [ -1.56812839e+03   1.56007491e+02  -1.59973376e+02   8.62879342e-02]
Ball xyz: [20.46900177001953, -1.715790033340454, 1.7706245183944702, 0.086287934162618471]
predictd: [ -1.58525244e+03   1.57722613e+02  -1.61709357e+02   8.62879342e-02]
Ball xyz: [20.46900177001953, -1.715790033340454, 1.7706245183944702, 0.086287934162618471]
predictd: [ -1.60218060e+03   1.59440646e+02  -1.63555376e+02   8.62879342e-02]
Ball xyz: [20.46900177001953, -1.715790033340454, 1.7706245183944702, 0.086287934162618471]
predictd: [ -1.61931950e+03   1.61136412e+02  -1.65293324e+02   8.62879342e-02]
Ball xyz: [20.46900177001953, -1.715790033340454, 1.7706245183944702, 0.086287934162618471]
predictd: [ -1.63715831e+03   1.62843904e+02  -1.67091768e+02   8.62879342e-02]
Ball xyz: [20.46900177001953, -1.715790033340454, 1.7706245183944702, 0.086287934162618471]
predictd: [ -1.65441334e+03   1.64576252e+02  -1.68857097e+02   8.62879342e-02]
Ball xyz: [20.46900177001953, -1.715790033340454, 1.7706245183944702, 0.086287934162618471]
predictd: [ -1.67128931e+03   1.66317512e+02  -1.70560857e+02   8.62879342e-02]
Ball xyz: [20.46900177001953, -1.715790033340454, 1.7706245183944702, 0.086287934162618471]
predictd: [ -1.68936802e+03   1.68038731e+02  -1.72319378e+02   8.62879342e-02]
Ball xyz: [20.46900177001953, -1.715790033340454, 1.7706245183944702, 0.086287934162618471]
predictd: [ -1.70606288e+03   1.69748777e+02  -1.74186254e+02   8.62879342e-02]
Ball xyz: [20.46900177001953, -1.715790033340454, 1.7706245183944702, 0.086287934162618471]
predictd: [ -1.72303629e+03   1.71467795e+02  -1.75932987e+02   8.62879342e-02]
Ball xyz: [20.46900177001953, -1.715790033340454, 1.7706245183944702, 0.086287934162618471]
predictd: [ -1.73975761e+03   1.73203552e+02  -1.77668918e+02   8.62879342e-02]
Ball xyz: [20.46900177001953, -1.715790033340454, 1.7706245183944702, 0.086287934162618471]
predictd: [ -1.75803625e+03   1.74930008e+02  -1.79465232e+02   8.62879342e-02]
Ball xyz: [20.46900177001953, -1.715790033340454, 1.7706245183944702, 0.086287934162618471]
predictd: [ -1.77484861e+03   1.76640891e+02  -1.81226663e+02   8.62879342e-02]
Ball xyz: [0.3190000057220459, -0.05741934850811958, 0.004593774676322937, 0.014399551998715069]
predictd: [ 0.07182084 -0.0190658   0.00886276  0.01439955]
Ball xyz: [0.2850000262260437, -0.10705307871103287, 0.05267481505870819, 0.18276148407478257]
predictd: [ 0.01701694  0.00980176 -0.00757231  0.18276148]
Ball xyz: [0, 0, 0, 0]
predictd: [ 0.  0.  0.  0.]
Ball xyz: [0.26200002431869507, -0.11702559143304825, 0.04527540132403374, 0.17111690530045945]
predictd: [ 0.00917907 -0.00666118  0.02828092  0.17111691]
Ball xyz: [0.24900001287460327, -0.07992413640022278, 0.06778290122747421, 0.26578027469738841]
predictd: [ 0.02612644 -0.01856657 -0.05001751  0.26578027]
Ball xyz: [0.3490000069141388, -0.16389501094818115, 0.09424241632223129, 0.26374498870435997]
predictd: [-0.06803802 -0.01929483 -0.01123875  0.26374499]
Ball xyz: [0.43700000643730164, -0.13597014546394348, 0.09986419975757599, 0.22466437681435397]
predictd: [-0.00969838  0.0090401   0.0222338   0.22466438]
Ball xyz: [0.7520000338554382, -0.13700217008590698, 0.13816605508327484, 0.1817049158615546]
predictd: [ 0.01587071 -0.00166378 -0.00670529  0.18170492]
Ball xyz: [1.0049999952316284, -0.06337425857782364, 0.11328532546758652, 0.11224790340755206]
predictd: [ 0.11191718  0.01080395 -0.00693083  0.1122479 ]
Ball xyz: [1.3140000104904175, -0.008184651844203472, 0.1194065511226654, 0.090623660383436846]
predictd: [-0.18744561 -0.00839208 -0.03567797  0.09062366]
Ball xyz: [1.5210000276565552, 0.01878478191792965, 0.11993926763534546, 0.078692693590943427]
predictd: [ 0.01286368  0.00552151  0.02132018  0.07869269]
Ball xyz: [1.4620000123977661, -0.11615923792123795, 0.14563307166099548, 0.099284700415818716]
predictd: [-0.18764161 -0.02483318 -0.09438145  0.0992847 ]
Ball xyz: [1.4010000228881836, -0.3486386835575104, 0.2023085653781891, 0.14341163703764181]
predictd: [-0.32104617  0.00781272 -0.05172253  0.14341164]
Ball xyz: [1.3240001201629639, -0.6058510541915894, 0.23024269938468933, 0.17217747836903066]
predictd: [ 0.19715738 -0.00956905 -0.01353247  0.17217748]
Ball xyz: [1.3930000066757202, -0.6678727269172668, 0.24376355111598969, 0.17323769098240516]
predictd: [ 0.16660357 -0.00619255 -0.06844166  0.17323769]
Ball xyz: [1.253000020980835, -0.39534157514572144, 0.20146965980529785, 0.15942528177388438]
predictd: [ 0.15552837  0.01135818  0.05137668  0.15942528]
Ball xyz: [1.1200000047683716, -0.0534895621240139, 0.16050778329372406, 0.14234133615919489]
predictd: [ 0.13868567 -0.00108517 -0.02041882  0.14234134]
Ball xyz: [1.0230000019073486, 0.3290351629257202, 0.08513955026865005, 0.083034008871451195]
predictd: [ 0.09687382 -0.01223727 -0.07724211  0.08303401]
Ball xyz: [0.9960000514984131, 0.5086642503738403, 0.029576171189546585, 0.029686225836387945]
predictd: [ 0.09159194 -0.00353241 -0.12816093  0.02968623]
Ball xyz: [1.4880000352859497, 0.6672378182411194, 0.06694415956735611, 0.044959036843970963]
predictd: [ 0.10575772 -0.00851725 -0.06898837  0.04495904]
Ball xyz: [1.9810000658035278, 0.7280943393707275, 0.015542536973953247, 0.0078456423796362407]
predictd: [-0.18108429  0.01795596 -0.00860616  0.00784564]
Ball xyz: [2.252000093460083, 0.6308026909828186, 0.020128963515162468, 0.0089380224930857323]
predictd: [ 0.48427745 -0.0027452   0.07554874  0.00893802]
Ball xyz: [2.252000093460083, 0.6308026909828186, 0.020128963515162468, 0.0089380224930857323]
predictd: [-1.6710365  -0.64771663  0.114956    0.00893802]
Ball xyz: [1.9140000343322754, -0.32987356185913086, 0.14465659856796265, 0.075434747721418047]
predictd: [-0.03107345  0.00695953  0.02009996  0.07543475]
Ball xyz: [2.2220001220703125, -0.6500802636146545, 0.17764443159103394, 0.079778300902745583]
predictd: [-0.29837342  0.01383443 -0.00111323  0.0797783 ]
Ball xyz: [2.1110000610351562, -0.8598495721817017, 0.1895258128643036, 0.089540044441689837]
predictd: [-0.12088259  0.00095635  0.03561895  0.08954004]
Ball xyz: [2.0910000801086426, -1.0870816707611084, 0.20828916132450104, 0.09928469780166721]
predictd: [-0.15378929  0.00980144  0.04643999  0.0992847 ]
Ball xyz: [1.998000144958496, -1.0671188831329346, 0.22085252404212952, 0.11008986906699843]
predictd: [ 0.03554993 -0.01537863 -0.05755608  0.11008987]
Ball xyz: [1.9190001487731934, -1.0123419761657715, 0.2226022481918335, 0.11548295243136297]
predictd: [-0.04406199 -0.0262673  -0.01927255  0.11548295]
Ball xyz: [1.6720000505447388, -0.8966590166091919, 0.24326837062835693, 0.14448161813998334]
predictd: [-0.06880828 -0.00576388 -0.03231371  0.14448162]
Ball xyz: [1.4100000858306885, -0.6667775511741638, 0.2113100290298462, 0.14875816964390398]
predictd: [ 0.03171777 -0.01149597 -0.02029325  0.14875817]
Ball xyz: [1.2170000076293945, -0.5568888187408447, 0.17706795036792755, 0.14448162442244786]
predictd: [ 0.02923567  0.00509778  0.07699155  0.14448162]
Ball xyz: [1.2170000076293945, -0.5568888187408447, 0.17706795036792755, 0.14448162442244786]
predictd: [-1.34329217  0.53646692  0.04844532  0.14448162]
Ball xyz: [1.2170000076293945, -0.5568888187408447, 0.17706795036792755, 0.14448162442244786]
predictd: [-2.28034893  1.0863602  -0.17045978  0.14448162]
Ball xyz: [1.2170000076293945, -0.5568888187408447, 0.17706795036792755, 0.14448162442244786]
predictd: [-3.38828903  1.62668377 -0.35195254  0.14448162]
Ball xyz: [1.2170000076293945, -0.5568888187408447, 0.17706795036792755, 0.14448162442244786]
predictd: [-4.53452873  2.19695069 -0.61560424  0.14448162]
Ball xyz: [1.2170000076293945, -0.5568888187408447, 0.17706795036792755, 0.14448162442244786]
predictd: [-5.71336018  2.74284352 -0.70989755  0.14448162]
Ball xyz: [1.2170000076293945, -0.5568888187408447, 0.17706795036792755, 0.14448162442244786]
predictd: [-6.9791071   3.29936556 -0.82917154  0.14448162]
Ball xyz: [1.2170000076293945, -0.5568888187408447, 0.17706795036792755, 0.14448162442244786]
predictd: [-8.3446597   3.87501305 -1.00942566  0.14448162]
Ball xyz: [1.2170000076293945, -0.5568888187408447, 0.17706795036792755, 0.14448162442244786]
predictd: [-9.59602799  4.4398518  -1.29313248  0.14448162]
Ball xyz: [1.2170000076293945, -0.5568888187408447, 0.17706795036792755, 0.14448162442244786]
predictd: [-10.67381747   5.00262486  -1.52155898   0.14448162]
Ball xyz: [0.909000039100647, -0.41893091797828674, 0.2434762567281723, 0.2617074497425036]
predictd: [-0.04924859  0.00143161 -0.02825266  0.26170745]
Ball xyz: [0.5250000357627869, -0.06810569018125534, 0.07581156492233276, 0.14341163721438505]
predictd: [-0.01944336 -0.00888201  0.0074567   0.14341164]
Ball xyz: [0.3890000283718109, 0.0073550608940422535, -0.056018244475126266, -0.14302251731611051]
predictd: [-0.02781382 -0.00215751  0.03318121 -0.14302252]
Ball xyz: [0.39400002360343933, 0.011324978433549404, -0.062333844602108, -0.15690723029253545]
predictd: [ 0.00593592 -0.01935176  0.03900242 -0.15690723]
Ball xyz: [0.3970000147819519, 0.014448344707489014, -0.06584440171718597, -0.16435875628841218]
predictd: [ 0.04467869  0.00478684 -0.03767257 -0.16435876]
Ball xyz: [0.40400001406669617, 0.011170887388288975, -0.07230161875486374, -0.17708965457569109]
predictd: [-0.05003178 -0.00979898  0.02220737 -0.17708965]
Ball xyz: [0.527999997138977, -0.08061280101537704, 0.01221802830696106, 0.023136076290398943]
predictd: [ 0.0276342  -0.00292776 -0.02751892  0.02313608]
Ball xyz: [0.527999997138977, -0.08061280101537704, 0.01221802830696106, 0.023136076290398943]
predictd: [-0.4901033   0.07639025 -0.07949861  0.02313608]
Ball xyz: [1.7410000562667847, -0.16876989603042603, 0.14299339056015015, 0.081948963538704442]
predictd: [ 0.09479133 -0.00624093  0.05017191  0.08194896]
Ball xyz: [1.7450001239776611, -0.17678600549697876, 0.14713460206985474, 0.084118846591799246]
predictd: [ 0.10123465 -0.00488317 -0.00284366  0.08411885]
Ball xyz: [5.925000190734863, -1.5780413150787354, 0.8491148352622986, 0.14234133215950254]
predictd: [ 0.1672022   0.00373591  0.04950511  0.14234133]
Ball xyz: [5.925000190734863, -1.5780413150787354, 0.8491148352622986, 0.14234133215950254]
predictd: [-5.38792974  1.58271435 -0.83672217  0.14234133]
Ball xyz: [5.925000190734863, -1.5780413150787354, 0.8491148352622986, 0.14234133215950254]
predictd: [-11.19304331   3.15435986  -1.69643525   0.14234133]
Ball xyz: [5.925000190734863, -1.5780413150787354, 0.8491148352622986, 0.14234133215950254]
predictd: [-17.03772179   4.72815544  -2.5269639    0.14234133]
Ball xyz: [5.925000190734863, -1.5780413150787354, 0.8491148352622986, 0.14234133215950254]
predictd: [-22.53918977   6.31240341  -3.25834179   0.14234133]
Ball xyz: [5.925000190734863, -1.5780413150787354, 0.8491148352622986, 0.14234133215950254]
predictd: [-27.68862372   7.90368517  -4.07009177   0.14234133]
Ball xyz: [5.925000190734863, -1.5780413150787354, 0.8491148352622986, 0.14234133215950254]
predictd: [-33.5972785    9.48591882  -4.94400626   0.14234133]
Ball xyz: [5.925000190734863, -1.5780413150787354, 0.8491148352622986, 0.14234133215950254]
predictd: [-38.7452744   11.06388933  -5.82677127   0.14234133]
Ball xyz: [5.925000190734863, -1.5780413150787354, 0.8491148352622986, 0.14234133215950254]
predictd: [-44.4287837   12.63809894  -6.64440602   0.14234133]
Ball xyz: [5.925000190734863, -1.5780413150787354, 0.8491148352622986, 0.14234133215950254]
predictd: [-49.9482123   14.20428644  -7.36567282   0.14234133]
Ball xyz: [5.925000190734863, -1.5780413150787354, 0.8491148352622986, 0.14234133215950254]
predictd: [-55.76691903  15.79551549  -8.23779352   0.14234133]
Ball xyz: [5.925000190734863, -1.5780413150787354, 0.8491148352622986, 0.14234133215950254]
predictd: [-61.14088399  17.37307441  -9.06666037   0.14234133]
Ball xyz: [5.925000190734863, -1.5780413150787354, 0.8491148352622986, 0.14234133215950254]
predictd: [-66.52287445  18.9547127  -10.03128702   0.14234133]
Ball xyz: [5.925000190734863, -1.5780413150787354, 0.8491148352622986, 0.14234133215950254]
predictd: [-72.24184118  20.5283795  -10.88396596   0.14234133]
Ball xyz: [5.925000190734863, -1.5780413150787354, 0.8491148352622986, 0.14234133215950254]
predictd: [-77.66340358  22.10556224 -11.74277474   0.14234133]
Ball xyz: [5.925000190734863, -1.5780413150787354, 0.8491148352622986, 0.14234133215950254]
predictd: [-83.04503325  23.65743727 -12.57798146   0.14234133]
Ball xyz: [5.925000190734863, -1.5780413150787354, 0.8491148352622986, 0.14234133215950254]
predictd: [-88.84687761  25.25766298 -13.4003582    0.14234133]
Ball xyz: [5.925000190734863, -1.5780413150787354, 0.8491148352622986, 0.14234133215950254]
predictd: [-94.55874915  26.83705886 -14.2389813    0.14234133]
Ball xyz: [5.925000190734863, -1.5780413150787354, 0.8491148352622986, 0.14234133215950254]
predictd: [-100.16851062   28.43612581  -15.05261765    0.14234133]
Ball xyz: [5.925000190734863, -1.5780413150787354, 0.8491148352622986, 0.14234133215950254]
predictd: [-105.44860792   30.00271308  -15.87916994    0.14234133]
Ball xyz: [5.925000190734863, -1.5780413150787354, 0.8491148352622986, 0.14234133215950254]
predictd: [-110.83684002   31.57903846  -16.74573421    0.14234133]
Ball xyz: [5.925000190734863, -1.5780413150787354, 0.8491148352622986, 0.14234133215950254]
predictd: [-116.42179936   33.13787238  -17.60089892    0.14234133]
Ball xyz: [5.925000190734863, -1.5780413150787354, 0.8491148352622986, 0.14234133215950254]
predictd: [-122.1830141    34.70362844  -18.51341553    0.14234133]
Ball xyz: [5.925000190734863, -1.5780413150787354, 0.8491148352622986, 0.14234133215950254]
predictd: [-127.59866706   36.29152703  -19.38178482    0.14234133]
Ball xyz: [5.925000190734863, -1.5780413150787354, 0.8491148352622986, 0.14234133215950254]
predictd: [-133.31383386   37.85803337  -20.25220431    0.14234133]
Ball xyz: [5.925000190734863, -1.5780413150787354, 0.8491148352622986, 0.14234133215950254]
predictd: [-139.00631622   39.4498799   -21.09094435    0.14234133]
Ball xyz: [5.925000190734863, -1.5780413150787354, 0.8491148352622986, 0.14234133215950254]
predictd: [ -1.44580833e+02   4.10402484e+01  -2.19512923e+01   1.42341332e-01]
Ball xyz: [5.925000190734863, -1.5780413150787354, 0.8491148352622986, 0.14234133215950254]
predictd: [ -1.49570664e+02   4.26020479e+01  -2.27688276e+01   1.42341332e-01]
Ball xyz: [5.925000190734863, -1.5780413150787354, 0.8491148352622986, 0.14234133215950254]
predictd: [ -1.55078836e+02   4.41865337e+01  -2.35565274e+01   1.42341332e-01]
Ball xyz: [5.925000190734863, -1.5780413150787354, 0.8491148352622986, 0.14234133215950254]
predictd: [ -1.61213243e+02   4.57657363e+01  -2.44030048e+01   1.42341332e-01]
Ball xyz: [5.925000190734863, -1.5780413150787354, 0.8491148352622986, 0.14234133215950254]
predictd: [ -1.66906060e+02   4.73421810e+01  -2.52673512e+01   1.42341332e-01]
Ball xyz: [5.925000190734863, -1.5780413150787354, 0.8491148352622986, 0.14234133215950254]
predictd: [ -1.72880044e+02   4.89019555e+01  -2.60791731e+01   1.42341332e-01]
Ball xyz: [5.925000190734863, -1.5780413150787354, 0.8491148352622986, 0.14234133215950254]
predictd: [ -1.77943546e+02   5.05044256e+01  -2.69255760e+01   1.42341332e-01]
Ball xyz: [5.925000190734863, -1.5780413150787354, 0.8491148352622986, 0.14234133215950254]
predictd: [ -1.83187625e+02   5.20812194e+01  -2.77685405e+01   1.42341332e-01]
Ball xyz: [5.925000190734863, -1.5780413150787354, 0.8491148352622986, 0.14234133215950254]
predictd: [ -1.88761244e+02   5.36597980e+01  -2.87156173e+01   1.42341332e-01]
Ball xyz: [5.925000190734863, -1.5780413150787354, 0.8491148352622986, 0.14234133215950254]
predictd: [ -1.94771697e+02   5.52404190e+01  -2.95186787e+01   1.42341332e-01]
Ball xyz: [5.925000190734863, -1.5780413150787354, 0.8491148352622986, 0.14234133215950254]
predictd: [ -2.00560646e+02   5.68331609e+01  -3.03496547e+01   1.42341332e-01]
Ball xyz: [5.925000190734863, -1.5780413150787354, 0.8491148352622986, 0.14234133215950254]
predictd: [ -2.06452869e+02   5.84131030e+01  -3.12190344e+01   1.42341332e-01]
Ball xyz: [5.925000190734863, -1.5780413150787354, 0.8491148352622986, 0.14234133215950254]
predictd: [ -2.12635818e+02   5.99872678e+01  -3.20851657e+01   1.42341332e-01]
Ball xyz: [5.925000190734863, -1.5780413150787354, 0.8491148352622986, 0.14234133215950254]
predictd: [ -2.18530303e+02   6.15628450e+01  -3.29969596e+01   1.42341332e-01]
Ball xyz: [5.925000190734863, -1.5780413150787354, 0.8491148352622986, 0.14234133215950254]
predictd: [ -2.23839177e+02   6.31466931e+01  -3.39125116e+01   1.42341332e-01]
Ball xyz: [5.925000190734863, -1.5780413150787354, 0.8491148352622986, 0.14234133215950254]
predictd: [ -2.29401523e+02   6.47300151e+01  -3.47525572e+01   1.42341332e-01]
Ball xyz: [5.925000190734863, -1.5780413150787354, 0.8491148352622986, 0.14234133215950254]
predictd: [ -2.34900143e+02   6.62945420e+01  -3.55787671e+01   1.42341332e-01]
Ball xyz: [5.925000190734863, -1.5780413150787354, 0.8491148352622986, 0.14234133215950254]
predictd: [ -2.40924560e+02   6.78696302e+01  -3.65171701e+01   1.42341332e-01]
Ball xyz: [5.925000190734863, -1.5780413150787354, 0.8491148352622986, 0.14234133215950254]
predictd: [ -2.46237696e+02   6.94491627e+01  -3.73780831e+01   1.42341332e-01]
Ball xyz: [5.925000190734863, -1.5780413150787354, 0.8491148352622986, 0.14234133215950254]
predictd: [ -2.51703465e+02   7.10209528e+01  -3.82166696e+01   1.42341332e-01]
Ball xyz: [5.925000190734863, -1.5780413150787354, 0.8491148352622986, 0.14234133215950254]
predictd: [ -2.57682445e+02   7.25823792e+01  -3.91809545e+01   1.42341332e-01]
Ball xyz: [5.925000190734863, -1.5780413150787354, 0.8491148352622986, 0.14234133215950254]
predictd: [ -2.63365687e+02   7.41764194e+01  -4.00328210e+01   1.42341332e-01]
Ball xyz: [5.925000190734863, -1.5780413150787354, 0.8491148352622986, 0.14234133215950254]
predictd: [ -2.68837832e+02   7.57417628e+01  -4.08642952e+01   1.42341332e-01]
Ball xyz: [5.925000190734863, -1.5780413150787354, 0.8491148352622986, 0.14234133215950254]
predictd: [ -2.74351760e+02   7.73227544e+01  -4.17321752e+01   1.42341332e-01]
Ball xyz: [5.925000190734863, -1.5780413150787354, 0.8491148352622986, 0.14234133215950254]
predictd: [ -2.80377385e+02   7.88969510e+01  -4.26781722e+01   1.42341332e-01]
Ball xyz: [5.925000190734863, -1.5780413150787354, 0.8491148352622986, 0.14234133215950254]
predictd: [ -2.86701291e+02   8.04893697e+01  -4.36294880e+01   1.42341332e-01]
Ball xyz: [5.925000190734863, -1.5780413150787354, 0.8491148352622986, 0.14234133215950254]
predictd: [ -2.92282285e+02   8.20983994e+01  -4.45669152e+01   1.42341332e-01]
Ball xyz: [5.925000190734863, -1.5780413150787354, 0.8491148352622986, 0.14234133215950254]
predictd: [ -2.97978160e+02   8.36618198e+01  -4.53465396e+01   1.42341332e-01]
Ball xyz: [5.925000190734863, -1.5780413150787354, 0.8491148352622986, 0.14234133215950254]
predictd: [ -3.03841586e+02   8.52515822e+01  -4.62821339e+01   1.42341332e-01]
Ball xyz: [5.925000190734863, -1.5780413150787354, 0.8491148352622986, 0.14234133215950254]
predictd: [ -3.09270590e+02   8.68413780e+01  -4.71374191e+01   1.42341332e-01]
Ball xyz: [5.925000190734863, -1.5780413150787354, 0.8491148352622986, 0.14234133215950254]
predictd: [ -3.14877529e+02   8.84025878e+01  -4.80099003e+01   1.42341332e-01]
Ball xyz: [5.925000190734863, -1.5780413150787354, 0.8491148352622986, 0.14234133215950254]
predictd: [ -3.20671102e+02   8.99861015e+01  -4.88294795e+01   1.42341332e-01]
Ball xyz: [5.925000190734863, -1.5780413150787354, 0.8491148352622986, 0.14234133215950254]
predictd: [ -3.26292327e+02   9.15565769e+01  -4.95564704e+01   1.42341332e-01]
Ball xyz: [5.925000190734863, -1.5780413150787354, 0.8491148352622986, 0.14234133215950254]
predictd: [ -3.32066424e+02   9.31455053e+01  -5.03727460e+01   1.42341332e-01]
Ball xyz: [5.925000190734863, -1.5780413150787354, 0.8491148352622986, 0.14234133215950254]
predictd: [ -3.37479807e+02   9.47036681e+01  -5.12445975e+01   1.42341332e-01]
Ball xyz: [5.925000190734863, -1.5780413150787354, 0.8491148352622986, 0.14234133215950254]
predictd: [ -3.42861726e+02   9.63020520e+01  -5.21361316e+01   1.42341332e-01]
Ball xyz: [5.925000190734863, -1.5780413150787354, 0.8491148352622986, 0.14234133215950254]
predictd: [ -3.48421498e+02   9.78723488e+01  -5.29691921e+01   1.42341332e-01]
Ball xyz: [5.925000190734863, -1.5780413150787354, 0.8491148352622986, 0.14234133215950254]
predictd: [ -3.53786785e+02   9.94447490e+01  -5.38880915e+01   1.42341332e-01]
Ball xyz: [5.925000190734863, -1.5780413150787354, 0.8491148352622986, 0.14234133215950254]
predictd: [ -3.59675258e+02   1.01035819e+02  -5.48859051e+01   1.42341332e-01]
Ball xyz: [5.925000190734863, -1.5780413150787354, 0.8491148352622986, 0.14234133215950254]
predictd: [ -3.65499864e+02   1.02628309e+02  -5.57016927e+01   1.42341332e-01]
Ball xyz: [5.925000190734863, -1.5780413150787354, 0.8491148352622986, 0.14234133215950254]
predictd: [ -3.71173846e+02   1.04206143e+02  -5.65941327e+01   1.42341332e-01]
Ball xyz: [5.925000190734863, -1.5780413150787354, 0.8491148352622986, 0.14234133215950254]
predictd: [ -3.76540031e+02   1.05789759e+02  -5.74012931e+01   1.42341332e-01]
Ball xyz: [5.925000190734863, -1.5780413150787354, 0.8491148352622986, 0.14234133215950254]
predictd: [ -3.82202648e+02   1.07364203e+02  -5.81438332e+01   1.42341332e-01]
Ball xyz: [5.925000190734863, -1.5780413150787354, 0.8491148352622986, 0.14234133215950254]
predictd: [ -3.87418486e+02   1.08921374e+02  -5.89249858e+01   1.42341332e-01]
Ball xyz: [5.925000190734863, -1.5780413150787354, 0.8491148352622986, 0.14234133215950254]
predictd: [ -3.93086961e+02   1.10503015e+02  -5.97973010e+01   1.42341332e-01]
Ball xyz: [5.925000190734863, -1.5780413150787354, 0.8491148352622986, 0.14234133215950254]
predictd: [ -3.99076966e+02   1.12053919e+02  -6.06880678e+01   1.42341332e-01]
Ball xyz: [5.925000190734863, -1.5780413150787354, 0.8491148352622986, 0.14234133215950254]
predictd: [ -4.04848969e+02   1.13615142e+02  -6.16034923e+01   1.42341332e-01]
Ball xyz: [5.925000190734863, -1.5780413150787354, 0.8491148352622986, 0.14234133215950254]
predictd: [ -4.11052736e+02   1.15211833e+02  -6.24730479e+01   1.42341332e-01]
Ball xyz: [5.925000190734863, -1.5780413150787354, 0.8491148352622986, 0.14234133215950254]
predictd: [ -4.16738623e+02   1.16793919e+02  -6.32093284e+01   1.42341332e-01]
Ball xyz: [5.925000190734863, -1.5780413150787354, 0.8491148352622986, 0.14234133215950254]
predictd: [ -4.22712564e+02   1.18358704e+02  -6.40277443e+01   1.42341332e-01]
Ball xyz: [5.925000190734863, -1.5780413150787354, 0.8491148352622986, 0.14234133215950254]
predictd: [ -4.28661191e+02   1.19939343e+02  -6.48589977e+01   1.42341332e-01]
Ball xyz: [5.925000190734863, -1.5780413150787354, 0.8491148352622986, 0.14234133215950254]
predictd: [ -4.34339379e+02   1.21512004e+02  -6.56219130e+01   1.42341332e-01]
Ball xyz: [5.925000190734863, -1.5780413150787354, 0.8491148352622986, 0.14234133215950254]
predictd: [ -4.40055880e+02   1.23080360e+02  -6.65837484e+01   1.42341332e-01]
Ball xyz: [5.925000190734863, -1.5780413150787354, 0.8491148352622986, 0.14234133215950254]
predictd: [ -4.45857193e+02   1.24648172e+02  -6.74515603e+01   1.42341332e-01]
Ball xyz: [5.925000190734863, -1.5780413150787354, 0.8491148352622986, 0.14234133215950254]
predictd: [ -4.51654281e+02   1.26231058e+02  -6.82346044e+01   1.42341332e-01]
Ball xyz: [5.925000190734863, -1.5780413150787354, 0.8491148352622986, 0.14234133215950254]
predictd: [ -4.57122066e+02   1.27818075e+02  -6.90692842e+01   1.42341332e-01]
Ball xyz: [5.925000190734863, -1.5780413150787354, 0.8491148352622986, 0.14234133215950254]
predictd: [ -4.62397339e+02   1.29402269e+02  -6.99927534e+01   1.42341332e-01]
Ball xyz: [5.925000190734863, -1.5780413150787354, 0.8491148352622986, 0.14234133215950254]
predictd: [ -4.68524532e+02   1.30998011e+02  -7.09120857e+01   1.42341332e-01]
Ball xyz: [5.925000190734863, -1.5780413150787354, 0.8491148352622986, 0.14234133215950254]
predictd: [ -4.74340209e+02   1.32574015e+02  -7.18304101e+01   1.42341332e-01]
Ball xyz: [5.925000190734863, -1.5780413150787354, 0.8491148352622986, 0.14234133215950254]
predictd: [ -4.79417823e+02   1.34165993e+02  -7.26863789e+01   1.42341332e-01]
Ball xyz: [5.925000190734863, -1.5780413150787354, 0.8491148352622986, 0.14234133215950254]
predictd: [ -4.85068736e+02   1.35737179e+02  -7.35306304e+01   1.42341332e-01]
Ball xyz: [5.925000190734863, -1.5780413150787354, 0.8491148352622986, 0.14234133215950254]
predictd: [ -4.90804748e+02   1.37320628e+02  -7.43643361e+01   1.42341332e-01]
Ball xyz: [5.925000190734863, -1.5780413150787354, 0.8491148352622986, 0.14234133215950254]
predictd: [ -4.96743463e+02   1.38908685e+02  -7.52254961e+01   1.42341332e-01]
Ball xyz: [5.925000190734863, -1.5780413150787354, 0.8491148352622986, 0.14234133215950254]
predictd: [ -5.01889664e+02   1.40487826e+02  -7.59694206e+01   1.42341332e-01]
Ball xyz: [5.925000190734863, -1.5780413150787354, 0.8491148352622986, 0.14234133215950254]
predictd: [ -5.07095898e+02   1.42071479e+02  -7.68213988e+01   1.42341332e-01]
Ball xyz: [5.925000190734863, -1.5780413150787354, 0.8491148352622986, 0.14234133215950254]
predictd: [ -5.13152374e+02   1.43628914e+02  -7.77034918e+01   1.42341332e-01]
Ball xyz: [5.925000190734863, -1.5780413150787354, 0.8491148352622986, 0.14234133215950254]
predictd: [ -5.18704781e+02   1.45216159e+02  -7.84841612e+01   1.42341332e-01]
Ball xyz: [5.925000190734863, -1.5780413150787354, 0.8491148352622986, 0.14234133215950254]
predictd: [ -5.23913245e+02   1.46805261e+02  -7.92959363e+01   1.42341332e-01]
Ball xyz: [5.925000190734863, -1.5780413150787354, 0.8491148352622986, 0.14234133215950254]
predictd: [ -5.29611152e+02   1.48389123e+02  -8.00952640e+01   1.42341332e-01]
Ball xyz: [5.925000190734863, -1.5780413150787354, 0.8491148352622986, 0.14234133215950254]
predictd: [ -5.34677327e+02   1.49974885e+02  -8.09874933e+01   1.42341332e-01]
Ball xyz: [5.925000190734863, -1.5780413150787354, 0.8491148352622986, 0.14234133215950254]
predictd: [ -5.40585734e+02   1.51560030e+02  -8.18107218e+01   1.42341332e-01]
Ball xyz: [5.925000190734863, -1.5780413150787354, 0.8491148352622986, 0.14234133215950254]
predictd: [ -5.45950531e+02   1.53141117e+02  -8.26944045e+01   1.42341332e-01]