
Ball xyz: [5.925000190734863, -1.5780413150787354, 0.8491148352622986, 0.14234133215950254]
predictd: [ -5.51314336e+02   1.54728753e+02  -8.35557483e+01   1.42341332e-01]
Ball xyz: [5.925000190734863, -1.5780413150787354, 0.8491148352622986, 0.14234133215950254]
predictd: [ -5.56860563e+02   1.56286507e+02  -8.44250301e+01   1.42341332e-01]
Ball xyz: [5.925000190734863, -1.5780413150787354, 0.8491148352622986, 0.14234133215950254]
predictd: [ -5.62524418e+02   1.57876502e+02  -8.52707727e+01   1.42341332e-01]
Ball xyz: [5.925000190734863, -1.5780413150787354, 0.8491148352622986, 0.14234133215950254]
predictd: [ -5.67969636e+02   1.59437796e+02  -8.60726932e+01   1.42341332e-01]
Ball xyz: [5.925000190734863, -1.5780413150787354, 0.8491148352622986, 0.14234133215950254]
predictd: [ -5.73220327e+02   1.60993338e+02  -8.69469692e+01   1.42341332e-01]
Ball xyz: [5.925000190734863, -1.5780413150787354, 0.8491148352622986, 0.14234133215950254]
predictd: [ -5.78722343e+02   1.62567533e+02  -8.77705404e+01   1.42341332e-01]
Ball xyz: [5.925000190734863, -1.5780413150787354, 0.8491148352622986, 0.14234133215950254]
predictd: [ -5.84008220e+02   1.64144381e+02  -8.86403933e+01   1.42341332e-01]
Ball xyz: [5.925000190734863, -1.5780413150787354, 0.8491148352622986, 0.14234133215950254]
predictd: [ -5.89820472e+02   1.65703511e+02  -8.94869894e+01   1.42341332e-01]
Ball xyz: [5.925000190734863, -1.5780413150787354, 0.8491148352622986, 0.14234133215950254]
predictd: [ -5.96001859e+02   1.67277912e+02  -9.04181627e+01   1.42341332e-01]
Ball xyz: [5.925000190734863, -1.5780413150787354, 0.8491148352622986, 0.14234133215950254]
predictd: [ -6.01752947e+02   1.68861951e+02  -9.12163150e+01   1.42341332e-01]
Ball xyz: [5.925000190734863, -1.5780413150787354, 0.8491148352622986, 0.14234133215950254]
predictd: [ -6.07556600e+02   1.70433084e+02  -9.21770779e+01   1.42341332e-01]
Ball xyz: [5.925000190734863, -1.5780413150787354, 0.8491148352622986, 0.14234133215950254]
predictd: [ -6.12919326e+02   1.72011250e+02  -9.29914082e+01   1.42341332e-01]